-0.0732231065630913,0.127263188362122,-0.046585813164711,-0.168554961681366,0.658723473548889,-0.0540314204990864,-0.108475171029568,0.0201244037598372,-0.0865491703152657,0.0983185097575188,0.0165925770998001,-0.394343167543411,-0.297270983457565,-0.14736333489418,0.227922961115837,-0.0523144975304604,-0.0305767022073269,0.140582129359245,0.016755310818553,0.126733928918839,-0.0250104907900095,-0.138001784682274,-0.349428743124008,-0.409046620130539,-0.189217731356621,-0.01575693115592,-0.0609891675412655,-0.295638978481293,-0.0972055643796921,-0.110029101371765,0.0161205772310495,0.241128012537956,-0.255232840776443,-0.0679219365119934,0.101345971226692,-0.0256176423281431,-0.0614373497664928,0.0531129129230976,0.00483376625925303,-0.168203741312027,0.141098231077194,0.0554026812314987,0.0614557676017284,0.00895180739462376,0.425283074378967,0.183090388774872,-0.030365502461791,-0.0566276609897614,0.144973367452621,-0.0751216188073158,-0.03589241579175,-0.336187750101089,-0.368040025234222,0.0201185345649719,-0.242998600006104,-0.116448543965816,0.0515317246317863,0.0172691103070974,0.0113894604146481,-0.561803638935089,0.108438551425934,-0.0541738905012608,0.382323026657104,0.513784289360046,0.727263808250427,0.485706597566605,0.00497143808752298,0.282958626747131,0.201891154050827,0.0663900226354599,-0.0499934814870358,0.0446221642196178,0.0259835254400969,-0.00582732912153006,0.168887451291084,0.414440035820007,-0.130107343196869,-0.311531454324722,-0.0836506336927414,-0.071204200387001,-0.126832872629166,0.0347645878791809,-0.169017285108566,0.227128684520721,0.0928687900304794,0.0116441119462252,-0.142231225967407,0.579365670681,0.135714709758759,0.139827698469162,0.229471489787102,-0.0787736773490906,-0.0559000596404076,-0.0266666002571583,0.158484473824501,-0.198149040341377,0.0592279098927975,-0.198848143219948,-0.145800292491913,-0.013664573431015,-0.190088212490082,-0.0219095349311829,0.113015867769718,-0.188637271523476,-0.046266995370388,0.283951640129089,0.289976835250854,0.234298020601273,-0.0813139826059341,-0.466529190540314,-0.612237095832825,-0.544081568717957,-0.336586445569992,-0.401186436414719,-0.41629958152771,0.180149078369141,0.0170443914830685,-0.522671639919281,-0.411806106567383,-0.231085330247879,0.0637944936752319,-0.0368872284889221,0.021752767264843,-0.298960536718369,-0.360584646463394,-0.415516495704651,0.273554235696793,-0.144831225275993,0.239184826612473,0.357750833034515,0.6387078166008,0.438279539346695,-0.0598615705966949,0.105241328477859,0.268935203552246,-0.19738444685936,0.146666422486305,0.0302498489618301,0.437326967716217,0.408281326293945,0.610623359680176,0.0796640962362289,0.462228238582611,0.0377003289759159,0.0608577989041805,-0.127985924482346,-0.00293814623728395,0.5964035987854,-0.229658707976341,-0.312436312437057,-0.0828053951263428,-0.133179783821106,-0.0874237939715385,-0.0695484355092049,0.0321054868400097,-0.129634320735931,-0.451666116714478,-0.307382553815842,-0.232944875955582,-0.488756477832794,-0.0578901320695877,-0.0232768580317497,-0.0766977071762085,-0.191353216767311,-0.39045974612236,-0.0476987734436989,0.099998913705349,0.216409921646118,0.133598580956459,0.0889284908771515,0.130981132388115,0.263254195451736,0.302268296480179,0.214705035090446,-0.0425189100205898,0.135314434766769,0.183987393975258,0.128447324037552,0.0732264891266823,0.130255401134491,-0.0170772764831781,0.225007176399231,-0.291555464267731,-0.106071501970291,0.180585473775864,0.340364009141922,0.389022678136826,-0.0519818887114525,-0.00394591037184,-0.0946880429983139,-0.0783034265041351,-0.120073609054089,0.0880980491638184,0.0630743652582169,0.0463237911462784,0.131478756666183,0.162751764059067,-0.124831818044186,-0.0274934526532888,-0.0858868286013603,-0.12901084125042,0.121879659593105,-0.153853937983513,0.471319913864136,0.0279364306479692,0.0631442442536354,0.0040707578882575,-0.138315767049789,0.28570145368576,0.539928615093231,0.404744774103165,0.320186734199524,0.466989815235138,0.680513381958008,0.709413826465607,0.246589943766594,0.134424209594727,-0.116349264979362,-0.059415441006422,-0.107190005481243,0.224477678537369,-0.00212054816074669,-0.0114876013249159,-0.274688005447388,-0.280995547771454,-0.496785044670105,-0.33001708984375,-0.296023517847061,-0.0958424881100655,-0.0183175802230835,0.0303325355052948,-0.151952609419823,-0.192120477557182,-0.0675898045301437,-0.00331947719678283,-0.228298753499985,-0.0667779445648193,0.00749346148222685,0.0738448277115822,-0.0387518890202045,0.0912585407495499,-0.17750558257103,-0.42696687579155,-0.0871638730168343,-0.0681379660964012,0.179252505302429,0.197630852460861,0.221095740795135,0.258688360452652,0.68362295627594,0.183768093585968,0.395935982465744,0.0576159209012985,0.137653529644012,-0.00371913681738079,-0.173678413033485,0.341820746660233,-0.0893211662769318,-0.0211506839841604,-0.12618462741375,0.0446221642196178,-0.0475730337202549,0.124348632991314,0.168887451291084,0.19387574493885,0.144477114081383,-0.204865083098412,-0.0895872935652733,-0.0836506336927414,-0.0637603849172592,-0.046585813164711,0.0239247400313616,-0.126832872629166,-0.254135251045227,-0.254135251045227,0.17146934568882,0.676078200340271,0.529741287231445,0.529741287231445,-0.0307916589081287,-0.0630970001220703,-0.139957189559937,-0.0838770940899849,0.135714709758759,0.240977570414543,-0.0569789446890354,-0.640116214752197,-0.620962083339691,0.236405789852142,0.159652769565582,0.133394852280617,0.0835431218147278,0.135845169425011,0.266075700521469,-0.0410261005163193,-0.0250122118741274,-0.0811872556805611,-0.0952235013246536,0.126114025712013,0.127163514494896,0.121073551476002,-0.0169921964406967,-0.0833355709910393,-0.0515854805707932,0.0367897264659405,-0.490271896123886,-0.567522406578064,-0.490271896123886,-0.472069084644318,-0.394343167543411,-0.326169103384018,-0.363692820072174,-0.387114375829697,-0.387114375829697,-0.341538846492767,-0.538114368915558,-0.318485677242279,0.054117314517498,0.131059214472771,-0.00193280819803476,-0.0368872284889221,-0.0161595959216356,-0.0161595959216356,-0.377937316894531,-0.431315988302231,0.162693783640862,0.0202265754342079,0.123641930520535,-0.206403002142906,0.238310858607292,0.175427600741386,0.195259317755699,0.123672023415565,0.123672023415565,-0.0861839652061462,0.165704950690269,0.0862840712070465,0.75907301902771,0.106009379029274,0.00373123562894762,0.248914957046509,0.0692112892866135,-0.035212941467762,0.016755310818553,0.0377003289759159,0.0259835254400969,0.0515865534543991,-0.0449010655283928,-0.0449010655283928,-0.259009629487991,0.22194105386734,-0.203471451997757,-0.347248554229736,-0.347248554229736,-0.118563510477543,-0.128686591982841,-0.124039940536022,-0.0406862646341324,-0.0659866482019424,-0.00830818898975849,-0.216438889503479,-0.451220154762268,-0.243713945150375,-0.311531454324722,-0.226954266428947,-0.250008165836334,-0.226954266428947,-0.155723229050636,-0.0653086230158806,-0.0206949263811111,-0.204774901270866,-0.0653086230158806,-0.355369329452515,-0.1341522783041,-0.0621473453938961,0.128690704703331,0.0593625754117966,0.039538249373436,0.039538249373436,-0.0395378060638905,-0.106823891401291,0.0459344796836376,0.12906077504158,0.0615468621253967,0.0424786694347858,-0.0224774535745382,0.110781282186508,-0.0356151200830936,-0.0596125721931458,0.263254195451736,0.175272703170776,-0.394497871398926,-0.222933366894722,-0.222933366894722,-0.20205894112587,0.225072264671326,0.154109254479408,0.284752488136292,0.277241855859756,0.202554076910019,0.202554076910019,0.122782155871391,0.138473019003868,0.145503267645836,0.0244780760258436,0.554372847080231,0.344526767730713,0.372729927301407,0.146177813410759,-0.309182792901993,0.13100428879261,0.183124423027039,0.336798667907715,0.51164984703064,-0.0946880429983139,-0.0946880429983139,0.0112689742818475,0.0880980491638184,0.124277710914612,-0.00953189190477133,0.139827698469162,0.0866165459156036,0.0637187734246254,-0.0365554951131344,-0.201938256621361,0.24536594748497,0.00483376625925303,-0.0559000596404076,-0.026413582265377,-0.071882501244545,-0.0274934526532888,-0.123498894274235,-0.26744732260704,0.0607870072126389,0.0607870072126389,0.0818464308977127,-0.236986219882965,0.214539214968681,0.343013554811478,-0.0149386133998632,-0.0689318627119064,0.0614557676017284,0.0279364306479692,0.0312906056642532,-0.0682360082864761,0.181992202997208,0.138406336307526,0.289941012859344,0.45983362197876,0.582333028316498,0.0772495195269585,0.143298730254173,0.248242229223251,0.347686439752579,0.302279949188232,0.499657243490219,0.463157653808594,0.31986466050148,0.31986466050148,-0.16590604186058,-0.179087176918983,-0.05754329636693,-0.0335597917437553,-0.0240751504898071,-0.0230133999139071,-0.0720947980880737,-0.0849218443036079,0.0572173446416855,-0.0692162066698074,0.25255873799324,0.230426996946335,0.203700035810471,0.159925237298012,0.085465632379055,-0.136112824082375,-0.136112824082375,-0.0819300189614296,-0.0184319540858269,-0.0184319540858269,-0.0390022061765194,-0.612237095832825,-0.219448804855347,-0.356953203678131,-0.437442272901535,-0.546831488609314,-0.448650896549225,-0.401186436414719,-0.387577712535858,-0.348409235477448,-0.296341717243195,-0.321107864379883,-0.315589040517807,-0.324205577373505,0.106751918792725,-0.0877273231744766,-0.0260484647005796,0.0917994901537895,-0.10166135430336,-0.0916717052459717,0.0643707513809204,0.0509255714714527,0.0170443914830685,-0.0604240708053112,-0.0604240708053112,-0.0604240708053112,-0.192120477557182,-0.0675898045301437,-0.427039414644241,-0.397181510925293,-0.228298753499985,-0.242998600006104,-0.0860063508152962,-0.0952871218323708,-0.116448543965816,-0.309719860553741,-0.368568599224091,-0.0317184291779995,-0.0317184291779995,0.0738448277115822,-0.0469435229897499,-0.0376545190811157,-0.0315646827220917,-0.026218231767416,0.0430832654237747,0.0899693891406059,-0.250649869441986,-0.180889084935188,-0.495695412158966,-0.49284902215004,-0.561803638935089,0.110067121684551,-0.0807618573307991,-0.138100147247314,-0.0757491141557693,-0.048579964786768,-0.0293838866055012,-0.0293838866055012,-0.295638978481293,-0.295638978481293,-0.0972055643796921,-0.0488200522959232,-0.0302068535238504,0.201531007885933,0.201531007885933,0.179252505302429,0.197630852460861,0.258688360452652,0.25848925113678,0.261224895715714,0.252721339464188,0.235937535762787,0.240922942757607,0.21729739010334,0.244603380560875,0.190430030226707,0.643890678882599,0.601699650287628,0.601699650287628,0.6387078166008,0.6387078166008,0.577037155628204,0.577037155628204,0.444580167531967,0.00198891037143767,0.00198891037143767,-0.0598615705966949,0.00497143808752298,0.236911922693253,0.135761961340904,0.282958626747131,0.254085779190063,0.339853465557098,0.395935982465744,0.322470128536224,0.322388976812363,0.0462050326168537,0.0462050326168537,0.0512058101594448,0.0520215220749378,0.180867910385132,-5.54931102669798e-05,0.00814632326364517,-0.0323278531432152,0.0143861398100853,-0.0661056488752365,-0.183429136872292,-0.183429136872292,-0.236875414848328,0.116963677108288,0.0770650506019592,0.285932809114456,0.0659787207841873,0.119683898985386,0.0663900226354599,0.0076502813026309,-0.0294012036174536,-0.0802329108119011,0.0393338352441788,0.0393338352441788,0.0393338352441788,-0.112046800553799,-0.0475730337202549,0.192121937870979,0.0981816574931145,0.623577475547791,0.623577475547791,-0.194367066025734,-0.138001784682274,-0.451220154762268,-0.338857471942902,-0.259472608566284,-0.0533861815929413,-0.0894914641976357,-0.0894914641976357,0.0239247400313616,-0.01575693115592,-0.178177386522293,-0.178177386522293,-0.0458104349672794,-0.162670865654945,-0.110029101371765,0.0226152669638395,-0.0124896271154284,-0.0840789601206779,0.283347934484482,-0.248732790350914,-0.0261616222560406,0.234465509653091,0.0087866485118866,0.138682499527931,-0.0030855517834425,-0.0030855517834425,-0.0679219365119934,-0.00285765971057117,0.126733928918839,0.126733928918839,0.135714709758759,0.257508009672165,0.284802287817001,0.261969178915024,0.112993642687798,-0.0727384611964226,-0.015322407707572,-0.0550900548696518,-0.0550900548696518,-0.0569789446890354,-0.0569789446890354,0.00483376625925303,-0.22009214758873,-0.344953715801239,-0.415580481290817,0.189410656690598,0.128012403845787,0.0742026567459106,0.133394852280617,0.326434820890427,0.129039898514748,0.120753817260265,0.0446011796593666,0.656393527984619,0.656393527984619,0.736451208591461,0.56652820110321,0.0372473187744617,0.0372473187744617,0.0372473187744617,0.00895180739462376,0.0695185288786888,-0.046165656298399,0.264015525579453,-0.19368776679039,0.0254950448870659,0.0693839490413666,0.0737565159797668,-0.209201276302338,-0.218528211116791,-0.0968442037701607,-0.0928276926279068,-0.046266995370388,0.0254459567368031,0.0845913216471672,0.283951640129089,0.242691040039062,0.23098012804985,0.23098012804985,-0.0947478339076042,-0.0658865347504616,-0.0813139826059341,-0.0512794777750969,-0.420032352209091,-0.34249359369278,-0.618927538394928,-0.686976969242096,-0.334648907184601,-0.404019206762314,-0.368767350912094,-0.386823028326035,-0.400016725063324,-0.347569137811661,-0.379060208797455,-0.0260484647005796,0.131833836436272,0.131833836436272,0.131833836436272,-0.595567584037781,-0.595567584037781,-0.289238303899765,-0.0931189730763435,-0.149195626378059,-0.138642728328705,-0.158507570624352,-0.244875743985176,-0.411297261714935,0.0637944936752319,0.0637944936752319,-0.0392322018742561,-0.0263379029929638,0.021752767264843,-0.332838803529739,-0.332838803529739,-0.302237391471863,-0.360680431127548,-0.467094868421555,-0.50435471534729,0.319973438978195,0.00976288504898548,-0.114970974624157,0.00726846745237708,-0.0961631312966347,-0.0972055643796921,0.420333683490753,0.357750833034515,0.402199983596802,0.402199983596802,0.464192658662796,0.76106584072113,0.643984854221344,0.76106584072113,0.577565133571625,0.438279539346695,-0.0273469630628824,-0.134668245911598,-0.134668245911598,0.219077199697495,0.180867910385132,0.219077199697495,-0.040479239076376,0.0357580855488777,0.0021730549633503,0.0538039766252041,0.0996938347816467,-0.039585005491972,0.0302498489618301,0.569799304008484,0.646774649620056,0.855952441692352,0.12938828766346,0.539857447147369,0.253018915653229,0.203508019447327,0.0266509614884853,0.0377003289759159,0.0377003289759159,0.0608577989041805,-0.123790137469769,-0.154538318514824,0.076143354177475,0.0165773686021566,-0.0250104907900095,-0.0288939382880926,-0.101675979793072,-0.460853844881058,0.131632849574089,0.378854721784592,0.47343897819519,0.414440035820007,0.387227386236191,0.111692503094673,-0.198848143219948,-0.312436312437057,-0.0961220487952232,-0.0953597128391266,0.0357462838292122,-0.0419582948088646,-0.0877223312854767,-0.0877223312854767,-0.0950957536697388,-0.0296677369624376,-0.0296677369624376,-0.349428743124008,-0.367341250181198,-0.309492737054825,-0.329973429441452,-0.510962247848511,-0.417444169521332,-0.379357039928436,-0.379357039928436,-0.357855468988419,-0.301561802625656,-0.298250287771225,-0.259510785341263,-0.234234899282455,-0.155723229050636,-0.0384785793721676,-0.427697986364365,0.0493423230946064,-0.0115919094532728,-0.0766977071762085,-0.0531375519931316,-0.0531375519931316,-0.191353216767311,-0.526261150836945,-0.369816988706589,-0.385039001703262,-0.465428799390793,-0.0229919217526913,0.00207504583522677,-0.00193280819803476,-0.043557945638895,-0.0422986820340157,0.143229886889458,0.189132511615753,0.206912711262703,0.215217009186745,0.0637747421860695,0.137961089611053,0.0997816175222397,0.302268296480179,-0.0902735739946365,-0.0902735739946365,-0.221213832497597,7.4644252890721e-05,-0.136447951197624,0.0803325846791267,0.0754915103316307,0.294238984584808,0.226485788822174,0.0962891802191734,0.122782155871391,0.128447324037552,0.12835681438446,0.090231716632843,0.077829509973526,-0.00999917834997177,-0.00999917834997177,0.138473019003868,0.148781090974808,0.173844113945961,0.103723369538784,0.372729927301407,0.0285949222743511,-0.0696027204394341,0.0437778830528259,0.283572375774384,-0.255232840776443,-0.302986413240433,-0.291555464267731,-0.145501405000687,-0.508687257766724,-0.309182792901993,-0.0919690132141113,-0.133179783821106,-0.11161594837904,-0.15933832526207,0.182423532009125,0.19841530919075,0.194359853863716,0.133518412709236,0.202604278922081,0.290032505989075,-0.0743617713451385,-0.0122312223538756,-0.111863009631634,-0.0765922069549561,-0.0514421463012695,0.0287815723568201,-0.0542185492813587,0.0141589930281043,0.143229886889458,0.0459344796836376,-0.0534958653151989,0.0359136387705803,0.0253770686686039,-0.00375843048095703,0.15012215077877,0.168280154466629,0.235312879085541,0.762948334217072,0.445511132478714,-0.0893192291259766,-0.125809103250504,-0.161449640989304,-0.161449640989304,0.0219007823616266,0.0186663120985031,-0.12901084125042,0.247118070721626,0.121879659593105,-0.0356661304831505,-0.153853937983513,-0.323196977376938,-0.261074274778366,-0.0846050530672073,0.138682499527931,-0.087751716375351,0.471319913864136,0.326499104499817,0.016755310818553,0.0361851453781128,0.0631442442536354,0.0675468593835831,-0.0682360082864761,-0.0781403183937073,-0.138315767049789,0.031016044318676,0.225072264671326,-0.00244731642305851,0.28570145368576,0.499247580766678,0.517241716384888,0.433275610208511,0.25211763381958,0.579365670681,0.508253514766693,0.647540807723999,0.117277204990387,0.464782059192657,0.564185798168182,0.653341472148895,0.647901356220245,0.535230696201324,0.377583384513855,0.499657243490219,0.137594386935234,0.246589943766594,0.074811652302742,0.0306030344218016,-0.143416166305542,-0.0431696958839893,-0.0431696958839893,0.0390635803341866,0.0390635803341866,0.0341151878237724,-0.030365502461791,-0.0622083991765976,-0.030365502461791,-0.0910759642720222,-0.132179975509644,-0.107048459351063,-0.118824452161789,-0.140208393335342,0.17595262825489,0.240113630890846,0.191053569316864,0.288246601819992,0.195296823978424,0.0306030344218016,-0.032964400947094,-0.0858868286013603,-0.0062122312374413,-0.00212054816074669,-0.0512794777750969,-0.34249359369278,-0.15635147690773,-0.274688005447388,-0.130921274423599,-0.206340178847313,-0.307516038417816,-0.496785044670105,-0.502773761749268,-0.427436798810959,-0.33001708984375,-0.365438997745514,-0.28107163310051,-0.28107163310051,-0.298811435699463,-0.308943390846252,0.268935203552246,0.17869459092617,0.180149078369141,0.17869459092617,0.227922961115837,7.4644252890721e-05,-0.314288824796677,-0.312436312437057,-0.0916717052459717,-0.0958424881100655,-0.00242498982697725,-0.00242498982697725,0.00895180739462376,-0.0183175802230835,0.0401509813964367,0.0401509813964367,0.0643707513809204,-0.151952609419823,-0.151952609419823,-0.145722985267639,-0.0635076239705086,0.00506981648504734,-0.23992708325386,-0.316539645195007,-0.23992708325386,-0.0499409586191177,0.0129692554473877,0.0372879467904568,0.0895274356007576,-0.0218664910644293,-0.0624185279011726,-0.0218664910644293,0.0338476188480854,0.0448553524911404,-0.011281599290669,-0.0193592067807913,0.0135494545102119,0.100682437419891,-0.119639910757542,-0.0921522974967957,-0.263999491930008,-0.285639494657516,-0.590327978134155,-0.517291963100433,-0.404169082641602,-0.285639494657516,-0.306489229202271,-0.0679587870836258,0.211167648434639,0.226883113384247,0.319973438978195,-0.144831225275993,-0.108009696006775,-0.148030579090118,-0.0955199003219604,-0.00210400903597474,-0.156265258789062,-0.147330209612846,-0.0897591337561607,-0.110029101371765,0.11746571213007,-0.00552607560530305,0.164691001176834,0.197630852460861,0.239184826612473,0.249888762831688,0.190751433372498,0.175272703170776,0.172101229429245,0.168280154466629,0.148806184530258,0.62134313583374,0.62134313583374,0.513784289360046,0.643984854221344,-0.0231496710330248,-0.0231496710330248,0.0910385623574257,0.451941937208176,0.399744033813477,0.322388976812363,0.399744033813477,0.397580564022064,0.387745916843414,0.0659787207841873,0.0877579301595688,0.0914145335555077,0.180867910385132,-5.54931102669798e-05,-0.0425189100205898,-0.0925798639655113,0.0201083831489086,0.0168038234114647,-0.113177433609962,-0.134063750505447,-0.238359957933426,-0.305961549282074,0.337792932987213,0.346590369939804,-0.127644062042236,-0.0851784348487854,-0.0592950507998466,-0.108741037547588,-0.0583894997835159,0.202841326594353,0.267067432403564,0.265452086925507,-0.0548799857497215,0.194058388471603,-0.00913582742214203,-0.396925240755081,-0.00192766985855997,-0.12002432346344,-0.265616953372955,-0.534930467605591,0.059092853218317,-0.207115188241005,-0.142563387751579,-0.0579654425382614,0.0937889814376831,-0.0822519659996033,0.100967988371849,0.23965921998024,-0.121085919439793,0.116112448275089,-0.100222356617451,-0.0702004283666611,-0.214600414037704,-0.183578848838806,-0.233994767069817,0.0737799927592278,0.223077476024628,0.0401713289320469,-0.031690925359726,0.17396953701973,-0.204097419977188,0.22332888841629,-0.0822562724351883,0.187513738870621,-0.154557898640633,0.513981878757477,-0.174746423959732,-0.311690509319305,0.185796827077866,-0.631720185279846,0.273144721984863,0.40250825881958,0.315093219280243,0.0609228052198887,0.0443323217332363,-0.159783929586411,0.18187952041626,0.0355934388935566,0.254943758249283,-0.199774146080017,-0.219709396362305,-0.191366851329803,-0.0400096103549004,-0.0363643057644367,0.0147200543433428,0.0240942686796188,0.157677009701729,0.0372873619198799,0.379370391368866,-0.0801742970943451,-0.0607964657247066,-0.146864980459213,-0.0773990377783775,0.316441744565964,-0.158273071050644,-0.0538790002465248,0.00123457750305533,-0.135233908891678,-0.113437861204147,0.0958598181605339,0.00456231739372015,-0.000901303254067898,-0.160542219877243,-0.241539716720581,-0.242361515760422,-0.120886266231537,-0.0195461623370647,0.206901341676712,-0.173778623342514,0.0430498272180557,-0.198778033256531,-0.247444942593575,-0.351720154285431,-0.289649873971939,-0.532226145267487,0.253156721591949,0.232023283839226,0.319387972354889,0.360477477312088,0.273333042860031,0.129273384809494,0.064528800547123,-0.0394807308912277,-0.0119923446327448,0.157314643263817,0.161941170692444,0.0775807499885559,0.189627632498741,-0.0567320510745049,0.0591784045100212,0.160035654902458,-0.0444668307900429,-0.00775820994749665,-0.16675192117691,-0.187910959124565,-0.20551709830761,-0.179127156734467,-0.287979871034622,0.0717782080173492,-0.0181469954550266,-0.0491889007389545,0.0139612453058362,-0.0108989458531141,0.00617019832134247,-0.0332896858453751,-0.0676703676581383,-0.00860942061990499,0.0402618832886219,0.0430031828582287,0.164882093667984,-0.0471464544534683,0.453189253807068,0.422102808952332,0.0638329982757568,-0.0822581127285957,0.118947811424732,0.18537725508213,0.199962541460991,-0.151439532637596,-0.140855982899666,0.121618494391441,-0.130564495921135,-0.258073687553406,-0.189722448587418,-0.195499762892723,0.269036382436752,-0.272721171379089,-0.521745443344116,-0.245700314640999,-0.149125009775162,-0.21025362610817,-0.733695924282074,-0.211244612932205,0.0868049114942551,-0.0761870667338371,-0.0399134382605553,0.222470581531525,-0.00566111877560616,0.161439523100853,-0.187773302197456,-0.0156549476087093,-0.00858464185148478,-0.139649346470833,-0.34449377655983,-0.384287297725677,-0.329951107501984,-0.095008060336113,0.183257639408112,0.105782650411129,0.0250354874879122,0.138351649045944,0.137067213654518,0.0441282130777836,0.0430946536362171,-0.13113184273243,-0.0419498309493065,-0.0238991864025593,0.604606628417969,0.7443887591362,0.156678795814514,-0.34931617975235,-0.196977972984314,-0.251540124416351,0.149343341588974,-0.717634975910187,-0.325446605682373,-0.0686310306191444,0.150424271821976,0.18867963552475,0.317877203226089,0.313551485538483,0.38347515463829,0.38347515463829,0.403109341859818,0.1670211404562,0.212055146694183,0.378646373748779,0.213656559586525,0.353726416826248,0.163789913058281,0.125384330749512,0.226908713579178,-0.0386432819068432,-0.159532904624939,0.278381258249283,0.164601609110832,0.143615439534187,0.125293642282486,-0.106208667159081,-0.215833261609077,0.0761697739362717,-0.0613484606146812,-0.0953390970826149,-0.243684828281403,0.241791546344757,0.122814625501633,0.0274003446102142,0.140664950013161,0.0862037390470505,0.0543774850666523,0.237565651535988,0.487415701150894,0.0118021005764604,-0.194657400250435,-0.186990514397621,-0.155742198228836,-0.00756945461034775,0.00216726749204099,-0.00169785425532609,0.0333152003586292,-0.0374580733478069,-0.0654331594705582,0.000184254662599415,0.0213772710412741,0.06338931620121,0.0499883070588112,-0.0384304225444794,-0.0831821709871292,0.0893637910485268,0.0786424428224564,0.0949356481432915,-0.0184263940900564,-0.0452059209346771,0.297058194875717,-0.0148019883781672,0.0393342785537243,0.221809342503548,0.316989332437515,0.301202416419983,-0.0775226950645447,-0.130318239331245,0.0483575984835625,-0.214822888374329,-0.142929032444954,-0.136324912309647,0.285142421722412,-0.0572952888906002,-0.306819647550583,0.22309684753418,0.135144874453545,0.279380589723587,0.144560277462006,0.267410904169083,-0.139705121517181,0.0386236049234867,-0.108741037547588,-0.113437861204147,0.0272533278912306,-0.160542219877243,-0.188635498285294,-0.203622937202454,-0.203622937202454,-0.203622937202454,-0.108853340148926,-0.225014567375183,-0.296016335487366,-0.351720154285431,0.256453096866608,0.253156721591949,0.104438446462154,0.152981594204903,-0.0157636646181345,-0.0443390160799026,0.170088917016983,0.253788709640503,0.267067432403564,0.267067432403564,0.152096450328827,0.152096450328827,-0.0567320510745049,0.0255424380302429,0.160035654902458,0.21381077170372,-0.0738701224327087,-0.0346115678548813,-0.00485238851979375,0.0416057221591473,0.0416057221591473,-0.183956876397133,-0.183956876397133,-0.396925240755081,-0.287979871034622,-0.287979871034622,-0.327753037214279,-0.327753037214279,-0.327753037214279,0.0882386341691017,0.0187585763633251,-0.0181469954550266,-0.0670502111315727,-0.0100549990311265,0.0163290239870548,-0.0332896858453751,-0.0275120288133621,-0.0275120288133621,0.0402618832886219,0.0845717936754227,0.0845717936754227,0.164882093667984,-0.036449983716011,-0.00435446295887232,0.0171781200915575,0.416071891784668,-0.0822581127285957,0.226749166846275,-0.320343345403671,-0.320343345403671,-0.658294260501862,-0.544392466545105,-0.214411526918411,-0.28995481133461,-0.258073687553406,-0.258073687553406,-0.189722448587418,-0.189722448587418,-0.265616953372955,-0.215667203068733,-0.383654117584229,-0.410680830478668,-0.346166372299194,-0.534930467605591,-0.0438556931912899,-0.335998922586441,-0.22445273399353,0.192656129598618,0.186968177556992,0.170818120241165,-0.294963806867599,-0.294963806867599,-0.180825933814049,-0.142563387751579,-0.0761870667338371,-0.0996047183871269,0.00983810890465975,0.0492829903960228,0.00983810890465975,-0.0216961894184351,0.0680857300758362,-0.0328648164868355,0.061524324119091,0.0937889814376831,-0.104661054909229,-0.0384190641343594,0.100967988371849,0.100967988371849,0.100967988371849,0.0273465532809496,-0.175412893295288,-0.189724653959274,-0.160400465130806,-0.0838732719421387,0.116112448275089,0.179913565516472,-0.0141806248575449,0.047876987606287,-0.0594016797840595,-0.0594016797840595,-0.0594016797840595,-0.323593318462372,-0.384287297725677,-0.323593318462372,-0.385962188243866,-0.329951107501984,-0.25890439748764,-0.318756371736526,-0.237046629190445,0.262238681316376,0.262238681316376,-0.013656148687005,-0.095008060336113,-0.281928479671478,0.13836070895195,0.223077476024628,0.0910453051328659,0.138351649045944,0.137067213654518,0.0883365869522095,-0.031690925359726,-0.0540384203195572,8.08335389592685e-05,0.0763146281242371,0.149796724319458,0.101347424089909,0.22332888841629,-0.0343238711357117,0.567150771617889,0.567150771617889,0.567150771617889,0.807380974292755,0.684058547019958,0.340416729450226,-0.34931617975235,-0.298289746046066,-0.247444942593575,-0.251540124416351,-0.251540124416351,-0.316961318254471,0.149343341588974,0.129052042961121,-0.717634975910187,-0.57422000169754,-0.480576604604721,-0.0614718310534954,0.17951799929142,0.309141010046005,0.225658878684044,0.309141010046005,0.359848409891129,0.352633088827133,0.313551485538483,0.40250825881958,0.289409935474396,0.221701607108116,0.308910876512527,0.315944254398346,0.41424235701561,0.432242780923843,0.129273384809494,0.188330113887787,0.126589924097061,0.127799823880196,0.167816296219826,0.182384729385376,0.540816247463226,0.0588789582252502,0.0521232634782791,0.0672943890094757,0.293665587902069,0.123792998492718,0.189627632498741,0.122446238994598,0.134858846664429,0.0857012346386909,-0.0944237038493156,-0.106208667159081,-0.0900492668151855,-0.201708480715752,0.222470581531525,0.222470581531525,0.0827585756778717,-0.0613484606146812,-0.105080179870129,-0.128677845001221,-0.201708480715752,-0.201708480715752,0.140315875411034,0.166137740015984,0.278069466352463,0.0467338636517525,0.137532860040665,0.0850556790828705,0.0265128929167986,0.0500902459025383,0.170687690377235,0.263146609067917,0.43668594956398,0.39123797416687,-0.100222356617451,-0.253284990787506,-0.0443361364305019,-0.199774146080017,-0.187813356518745,-0.165117815136909,-0.152710229158401,-0.152710229158401,-0.161901131272316,-0.155742198228836,-0.00756945461034775,-0.0782190039753914,-0.0782190039753914,0.0357130356132984,0.0357130356132984,-0.0192091297358274,0.000260855653323233,0.0250354874879122,0.000184254662599415,0.00641052052378654,-0.00265799183398485,0.00799923297017813,0.0213772710412741,0.0385797843337059,0.0649411976337433,0.0499883070588112,-0.0498079694807529,-0.0498079694807529,0.0786424428224564,0.0949356481432915,0.0794426277279854,-0.0849977508187294,0.196911513805389,0.32645046710968,0.252118408679962,0.0607626363635063,0.102635055780411,0.0130580542609096,-0.0462424568831921,-0.0481509752571583,0.315593242645264,0.256623893976212,0.271596997976303,0.146388038992882,0.157677009701729,0.102370753884315,0.122406929731369,0.0294293351471424,-0.0757162123918533,-0.00450788531452417,0.0737691521644592,-0.173971518874168,0.0431886911392212,0.32016709446907,0.25229674577713,0.365962296724319,0.467207819223404,0.202030122280121,0.248952254652977,0.264012575149536,0.272481709718704,0.285182476043701,-0.054399661719799,-0.0733455121517181,-0.129531487822533,-0.144500941038132,-0.13113184273243,-0.150609910488129,-0.110652595758438,-0.0607964657247066,0.00125219346955419,-0.231586143374443,-0.231586143374443,-0.146864980459213,-0.142929032444954,-0.146864980459213,0.0259518269449472,-0.154675379395485,-0.17407651245594,-0.154675379395485,-0.196977972984314,-0.163075014948845,-0.163075014948845,0.285142421722412,-0.0773990377783775,0.0228832736611366,-0.0575154572725296,-0.0572952888906002,-0.306819647550583,-0.306819647550583,-0.117188982665539,0.22309684753418,0.19049397110939,0.243771865963936,0.0520989596843719,0.0963953956961632,0.0939448922872543,0.144560277462006,0.273144721984863,0.211406141519547,0.267410904169083,0.0296226628124714,-0.0485048219561577,0.115214295685291,-0.158273071050644,-0.415516167879105,-0.174938842654228,-0.106259033083916,-0.0916095376014709,-0.0711110830307007,-0.0711110830307007,0.00123457750305533,-0.0714726895093918,-0.0714726895093918,-0.0714726895093918,0.00123457750305533,-0.117544315755367,-0.0438846535980701,0.124843537807465,-0.0601831376552582,0.0222423020750284,-0.0370042324066162,-0.241539716720581,-0.324733525514603,-0.241539716720581,-0.242361515760422,-0.214600414037704,-0.214600414037704,-0.0926871374249458,-0.0994040742516518,0.116897605359554,0.0737799927592278,0.0737799927592278,0.0430498272180557,-0.031690925359726,-0.272266536951065,-0.196180492639542,-0.32921490073204,-0.311690509319305,-0.32921490073204,-0.316961318254471,-0.603397250175476,-0.480576604604721,-0.426824808120728,0.250931411981583,0.253156721591949,0.319387972354889,0.309141010046005,0.40250825881958,0.403729796409607,0.30688738822937,0.268679052591324,0.238853171467781,0.141458258032799,0.064528800547123,0.103088937699795,0.195511028170586,-0.0443390160799026,-0.0200662724673748,0.176273062825203,0.293665587902069,0.234422981739044,0.123792998492718,0.123792998492718,-0.128677845001221,-0.159783929586411,-0.0753811895847321,0.160035654902458,0.140315875411034,0.0693576633930206,-0.146269053220749,0.0348035581409931,-0.182620838284492,-0.108578532934189,-0.102321960031986,-0.123890057206154,-0.222573131322861,-0.20551709830761,-0.219709396362305,-0.182450711727142,-0.165117815136909,-0.24776665866375,-0.24776665866375,-0.24776665866375,0.147628635168076,0.0717782080173492,0.00253952969796956,-0.0407827198505402,-0.085360087454319,-0.085360087454319,-0.080294094979763,-0.0586162358522415,0.000260855653323233,0.0139612453058362,0.0627350807189941,0.0627350807189941,-0.0108989458531141,0.0412503257393837,2.91914075205568e-05,2.91914075205568e-05,-0.00843867100775242,0.0304478667676449,0.003610695945099,0.118568405508995,0.013790444470942,0.0396601147949696,0.0220506228506565,-0.0327682122588158,0.432938724756241,0.328297227621078,-0.00380862806923687,0.0906290784478188,0.0504482686519623,-0.0546239502727985,0.10086964070797,0.101774170994759,0.0918179005384445,0.100356161594391,0.0856533348560333,0.121919080615044,0.170107111334801,0.106020390987396,0.194710314273834,-0.110396012663841,-0.122831851243973,-0.151439532637596,-0.155811339616776,-0.150609910488129,-0.110652595758438,-0.233320906758308,-0.233320906758308,-0.154941082000732,-0.184659332036972,-0.184659332036972,0.269036382436752,0.185796827077866,-0.254013687372208,-0.254013687372208,-0.0932256057858467,-0.224284619092941,-0.254079252481461,0.390853375196457,0.334671556949615,0.394249379634857,-0.245700314640999,-0.451967895030975,-0.102143354713917,-0.148903653025627,-0.176144808530807,-0.731568098068237,-0.531069993972778,-0.202933758497238,0.0824130028486252,0.302388489246368,0.326841503381729,0.299793183803558,0.0901886448264122,-0.025092763826251,0.151435106992722,0.281600326299667,-0.0456066355109215,0.036612655967474,0.142909422516823,-0.114599265158176,0.122805416584015,0.00125395646318793,0.0654587224125862,-0.107328422367573,0.0808952003717422,0.265452086925507,0.112825065851212,-0.0128911770880222,-0.151609927415848,-0.131611526012421,-0.0393207706511021,-0.124736487865448,-0.027081947773695,-0.145252928137779,0.047876987606287,-0.00858464185148478,-0.00858464185148478,-0.123890057206154,-0.139649346470833,-0.369365513324738,-0.385962188243866,-0.396925240755081,-0.0866726487874985,0.158368706703186,0.158368706703186,0.187285006046295,0.137503877282143,0.192767441272736,0.192767441272736,0.0407535880804062,0.0078008365817368,0.0387783348560333,0.0910453051328659,0.0401713289320469,0.148639038205147,0.148639038205147,0.0874854326248169,0.0779954269528389,0.0500199533998966,-0.00192766985855997,0.00708664720878005,0.013790444470942,-0.0954774245619774,0.115952044725418,0.0430946536362171,0.081879548728466,-0.0975330471992493,0.114471063017845,-0.144500941038132,-0.121199272572994,-0.0419498309493065,-0.149601489305496,-0.191843211650848,0.604606628417969,0.616089284420013,0.495638757944107,0.260742336511612,0.260742336511612,0.260742336511612,0.340416729450226,-0.357249617576599,-0.265616953372955,-0.357249617576599,-0.298289746046066,-0.215667203068733,-0.196977972984314,-0.178732633590698,-0.289649873971939,0.269036382436752,0.059092853218317,-0.2490304261446,-0.108835645020008,-0.0614718310534954,-0.0686310306191444,0.123196765780449,0.123196765780449,0.209625139832497,0.18867963552475,0.225658878684044,0.317877203226089,0.359848409891129,0.359848409891129,0.38347515463829,0.38347515463829,0.1670211404562,0.16941699385643,0.186466604471207,0.286152005195618,0.186466604471207,0.0607205741107464,0.322526037693024,0.409786075353622,0.37401157617569,0.340592920780182,0.353726416826248,0.218191280961037,0.153849214315414,0.226908713579178,-0.0119923446327448,-0.0386432819068432,-0.0386432819068432,-0.0935024991631508,-0.232907980680466,-0.221533566713333,-0.000450288876891136,0.0491039380431175,-0.0515343882143497,-0.0810127407312393,0.278381258249283,0.0482668317854404,0.0521232634782791,0.0443323217332363,0.189627632498741,0.143615439534187,0.143615439534187,0.118568405508995,0.134858846664429,0.125293642282486,-0.0944237038493156,0.0192946959286928,0.0340085215866566,0.0340085215866566,-0.0900318995118141,0.0255424380302429,0.0761697739362717,-0.0957034230232239,-0.243684828281403,-0.286299735307693,-0.286299735307693,-0.574790179729462,-0.603941023349762,-0.602189719676971,-0.475686073303223,0.227603241801262,0.26308885216713,0.265670716762543,0.082222506403923,0.0348719581961632,0.103720724582672,0.162756487727165,0.14038223028183,0.14038223028183,0.0755032077431679,-0.0274213384836912,-0.0364347361028194,0.0338964872062206,0.051196027547121,0.181601881980896,0.198830008506775,0.129637181758881,0.140664950013161,0.189560741186142,0.189560741186142,0.349916040897369,-0.00913582742214203,0.0407535880804062,0.105782650411129,0.174480110406876,0.223077476024628,0.43668594956398,0.319053709506989,0.125516057014465,-0.17629374563694,-0.194639682769775,-0.17629374563694,-0.141745328903198,-0.135106235742569,-0.303480684757233,-0.281928479671478,0.114746160805225,0.0514354817569256,-0.0400096103549004,-0.0688375160098076,-0.110002711415291,-0.0460458025336266,-0.0287205725908279,0.025559950619936,0.000102421283372678,0.00216726749204099,-0.0374580733478069,-0.0654331594705582,0.0078008365817368,-0.00927770230919123,-0.00355864595621824,-0.00461886264383793,-0.00784531515091658,-0.00355864595621824,0.0662313178181648,0.0653335750102997,0.0430307015776634,0.0430307015776634,-0.00832466781139374,-0.0391553230583668,-0.0623540841042995,-0.0909955501556396,-0.0427948758006096,-0.0831821709871292,0.0539495162665844,-0.0182048659771681,0.0786424428224564,0.0794426277279854,0.11394215375185,0.305005133152008,0.290282636880875,0.361301720142365,0.34564146399498,-0.00290532968938351,0.006352917291224,-0.0592817552387714,-0.00426741549745202,0.350501954555511,0.0547072365880013,-0.0481561236083508,0.00902578234672546,0.0533189848065376,0.097585991024971,0.170643121004105,0.0157183967530727,0.0906290784478188,-0.106371313333511,0.115357831120491,0.0868212804198265,0.242400348186493,0.378210097551346,0.396004229784012,0.396004229784012,0.370106369256973,0.331431448459625,0.0498759336769581,0.0868049114942551,-0.000901303254067898,-0.0370042324066162,-0.0702004283666611,-0.0957301333546638,-0.0702004283666611,-0.110254928469658,-0.126713395118713,0.0372801907360554,0.00725898100063205,0.0625128000974655,0.0239712316542864,0.0532249696552753,-0.214822888374329,-0.142929032444954,-0.0583894997835159,0.0958598181605339,0.0259518269449472,0.18187952041626,-0.167199581861496,-0.17407651245594,-0.167199581861496,-0.174746423959732,-0.19088950753212,-0.17328605055809,0.248148933053017,0.248148933053017,0.285142421722412,0.285142421722412,-0.245924770832062,-0.0575154572725296,0.0493539795279503,0.02995890006423,-0.315911769866943,-0.315911769866943,-0.521745443344116,0.0893114432692528,0.059092853218317,0.279380589723587,0.140847280621529,0.170523643493652,0.228188186883926,0.144560277462006,0.10991457849741,0.211406141519547,0.299438983201981,-0.175933018326759,-0.135745614767075,-0.196154803037643,-0.560304701328278,-0.217951565980911,-0.147436156868935,-0.156563058495522,-0.106839597225189,0.161103025078773,0.0984140783548355,-0.0238779745995998,0.299430131912231,0.223617300391197,-0.0474384911358356
0.219651326537132,0.281238555908203,0.329311430454254,0.456137657165527,1.18879747390747,-0.0469562262296677,0.105390056967735,0.528332412242889,-0.223637402057648,0.467934846878052,0.499995917081833,-0.377755373716354,0.384495973587036,-0.0521680861711502,0.879627704620361,0.396420687437057,0.199285998940468,0.298947960138321,0.244251191616058,0.355618804693222,0.195022493600845,0.272658228874207,0.818640410900116,-0.0848625302314758,0.0931033194065094,0.10773228853941,0.143263563513756,0.1851626932621,0.188500255346298,0.63893985748291,0.0797930806875229,0.500368714332581,-0.145934045314789,0.1844462454319,0.37145671248436,0.449694246053696,-0.315231114625931,-0.211276918649673,0.344559013843536,0.600618720054626,0.471797496080399,0.356915056705475,0.315151542425156,-0.0574427917599678,0.52244645357132,0.612495064735413,0.115418128669262,0.375590473413467,0.363259583711624,-0.0142402751371264,-0.0816968381404877,-0.250721782445908,0.206244766712189,0.0856507420539856,0.0686057433485985,-0.179212734103203,0.383928567171097,0.156547144055367,0.397369980812073,0.842038869857788,0.220016837120056,0.499939203262329,0.736840903759003,1.28438031673431,1.5061182975769,1.16347932815552,0.399559378623962,0.542472302913666,-0.00723900645971298,0.368097484111786,0.177064701914787,0.114891082048416,0.184385195374489,0.179813846945763,0.29156681895256,1.02415537834167,0.282399415969849,-0.15502992272377,0.105082273483276,-0.154781013727188,0.111989714205265,0.188115030527115,0.333269596099854,0.61756956577301,0.504238665103912,0.157424136996269,0.857480525970459,1.15315532684326,0.332902252674103,0.364711999893188,-0.282119303941727,0.301019042730331,0.327791273593903,0.359614014625549,0.50130832195282,0.480694770812988,0.25289785861969,-0.174829304218292,-0.28742977976799,0.0416607595980167,0.245928406715393,0.153885751962662,0.516910910606384,-0.203985974192619,0.351109713315964,0.0287691168487072,0.0593652501702309,0.270011097192764,-0.102287925779819,-0.0208768025040627,-0.854161322116852,-0.42940428853035,0.105840034782887,0.160247817635536,0.215891435742378,0.596069633960724,0.194908410310745,-0.149298161268234,-0.0150316674262285,-0.251818954944611,0.287316113710403,0.135346949100494,0.323987185955048,0.561709225177765,0.590000689029694,0.7394939661026,0.23667910695076,0.0807602033019066,0.492431551218033,0.815541505813599,1.51110732555389,0.90944629907608,0.367446064949036,0.269248872995377,0.841482996940613,-0.384203791618347,0.158548474311829,-0.0196348447352648,0.602303087711334,0.517133355140686,0.88890665769577,0.312274575233459,0.801964282989502,0.261683523654938,0.274824261665344,0.0994667857885361,0.231184288859367,1.3447380065918,0.485901325941086,-0.455261945724487,0.388294816017151,0.236216351389885,0.0836396291851997,0.198801696300507,0.0444361120462418,0.0936145633459091,-0.236528903245926,-0.0484899468719959,0.247458070516586,-0.165112301707268,-0.0286927185952663,-0.186035484075546,-0.194486364722252,-0.149782106280327,-0.3348328769207,0.0207628402858973,-0.0374910645186901,0.143767431378365,0.170841097831726,0.198120534420013,0.258402019739151,0.421820104122162,0.444950997829437,0.652607977390289,0.00021205932716839,0.410800695419312,0.517825305461884,0.384536921977997,0.400172799825668,0.367698669433594,0.1140066832304,0.414832651615143,0.162997126579285,-0.01661685295403,0.0973956063389778,0.0743912979960442,0.152779877185822,0.0804112255573273,0.190074548125267,0.226895228028297,0.338675707578659,0.362918347120285,-0.0742371529340744,-0.145810723304749,0.487505257129669,0.0708221644163132,-0.0175652578473091,0.315484166145325,0.188931748270988,0.343142062425613,0.500351369380951,0.68160355091095,0.584281325340271,0.64010226726532,0.155854061245918,0.0592319704592228,0.209564283490181,-0.0390281900763512,0.495851159095764,0.661133766174316,0.431087076663971,0.863532602787018,0.856159746646881,1.12402510643005,1.10828518867493,0.441966146230698,0.357031643390656,-0.181091755628586,0.193255826830864,0.384182393550873,0.458989143371582,0.0368895456194878,-0.247655123472214,-0.438787758350372,-0.422023177146912,-0.216835737228394,-0.130443468689919,0.0417620502412319,-0.23759825527668,-0.106482990086079,-0.0568546205759048,0.0684932246804237,-0.0601073279976845,0.0679534301161766,0.0779697746038437,0.0413165688514709,-0.0455071739852428,0.293673992156982,0.089618057012558,0.0547738261520863,0.305173188447952,0.568973302841187,0.818622231483459,0.250432640314102,0.347576558589935,0.455342590808868,0.385579794645309,0.482512205839157,0.421444207429886,1.50987482070923,0.454416155815125,0.895676910877228,0.413652092218399,0.379643261432648,-0.250536024570465,-0.167279854416847,0.239065200090408,-0.0329545103013515,0.160610884428024,0.22636091709137,0.114891082048416,0.119973413646221,0.298913925886154,0.29156681895256,0.277278780937195,0.293953388929367,0.121696256101131,0.0952408388257027,0.105082273483276,0.348849922418594,0.329311430454254,0.352446317672729,0.111989714205265,-0.0924919098615646,-0.0924919098615646,0.519095659255981,1.25226998329163,0.981982529163361,0.981982529163361,0.0648320615291595,-0.0726450979709625,0.139121428132057,0.168781474232674,0.332902252674103,-0.221606552600861,0.339350283145905,0.280344128608704,0.21609254181385,0.574424028396606,0.55117279291153,0.481440216302872,0.513382315635681,0.365247040987015,0.00137214630376548,0.0948616340756416,0.0111765526235104,-0.206799209117889,-0.464541226625443,0.459137916564941,0.476829171180725,0.471217721700668,0.386411935091019,0.506592214107513,0.428645253181458,0.448802769184113,-0.711314082145691,-0.448054403066635,-0.711314082145691,-0.209111452102661,-0.377755373716354,0.228695929050446,0.166320815682411,0.272860139608383,0.272860139608383,0.3711256980896,-0.0768454968929291,-0.0165807567536831,0.169247388839722,0.280923515558243,0.127832844853401,0.135346949100494,0.177852302789688,0.177852302789688,0.557036459445953,0.629174828529358,0.0637756437063217,0.355923354625702,0.194115921854973,0.153951287269592,0.839000403881073,0.658664643764496,0.202614337205887,-0.0773438736796379,-0.0773438736796379,0.627998113632202,0.929523825645447,0.655713558197021,1.14710557460785,0.313050389289856,0.244112387299538,0.468414783477783,0.346240431070328,0.252453207969666,0.244251191616058,0.261683523654938,0.184385195374489,0.204029813408852,0.252730309963226,0.252730309963226,0.356458455324173,0.66557389497757,0.225711390376091,-0.435848087072372,-0.435848087072372,0.303083717823029,0.271092385053635,0.220649212598801,0.293606817722321,0.183954566717148,0.364522129297256,0.553460240364075,-0.311176776885986,-0.0606402903795242,-0.15502992272377,0.0663992688059807,0.0837603211402893,0.0663992688059807,0.445574134588242,0.0155580118298531,-0.0599326677620411,-0.15273517370224,0.0155580118298531,0.0727315321564674,0.204900965094566,0.132875934243202,0.384700298309326,0.35017129778862,0.21337853372097,0.21337853372097,0.0487804114818573,-0.0722149685025215,-0.0748459100723267,0.102376960217953,0.107874438166618,0.187151521444321,0.152669653296471,0.228569000959396,0.145919322967529,0.155550062656403,0.421820104122162,0.301002144813538,0.632768392562866,0.495455354452133,0.495455354452133,0.594793319702148,0.614375710487366,0.495239287614822,0.619843125343323,0.590023159980774,0.420587837696075,0.420587837696075,0.361712098121643,0.783494889736176,0.853819370269775,0.203991025686264,0.966854393482208,0.704322397708893,0.679787933826447,0.299521028995514,0.824859976768494,0.154215469956398,0.0142395403236151,0.0818192064762115,0.158685863018036,0.226895228028297,0.226895228028297,0.333103090524673,-0.0742371529340744,-0.118588149547577,0.238856300711632,0.364711999893188,0.40737372636795,0.448307484388351,0.245185747742653,-0.194238245487213,1.04505038261414,0.344559013843536,0.327791273593903,0.290458828210831,0.222965329885483,0.188931748270988,0.486406326293945,0.62267541885376,0.351627856492996,0.351627856492996,0.385347008705139,0.454565793275833,0.393750697374344,0.504118323326111,0.366176337003708,0.377604871988297,0.315151542425156,0.155854061245918,0.0378658324480057,0.121324084699154,0.38714861869812,0.415794670581818,0.481190711259842,0.595074713230133,0.642267465591431,0.521657109260559,0.638896822929382,0.700806677341461,0.793692231178284,0.700800657272339,0.814485371112823,0.784747958183289,0.613447487354279,0.613447487354279,-0.149894580245018,-0.190960869193077,0.254417061805725,0.306196093559265,0.274115234613419,0.359900087118149,0.398332417011261,0.368387877941132,0.378876000642776,0.277228176593781,0.100640900433064,0.386524736881256,0.343834936618805,0.38231572508812,0.314038127660751,-0.0838507190346718,-0.0838507190346718,-0.00995871890336275,-0.0506605729460716,-0.0506605729460716,-0.140821367502213,-0.854161322116852,-0.245637014508247,-0.346437126398087,-0.160071030259132,-0.226437509059906,-0.140330344438553,0.160247817635536,0.0707348138093948,0.149784073233604,-0.050627589225769,0.205111846327782,0.206041604280472,0.202422752976418,0.139542385935783,-0.0684486478567123,0.101696737110615,0.894876062870026,-0.151220455765724,-0.317792057991028,-0.0116131706163287,0.282151073217392,0.194908410310745,0.180694043636322,0.180694043636322,0.180694043636322,-0.0601073279976845,0.0679534301161766,-0.0224484987556934,-0.0373610444366932,0.0413165688514709,0.0686057433485985,-0.1306441873312,-0.116435185074806,-0.179212734103203,-0.440144717693329,-0.00948786083608866,0.169916883111,0.169916883111,0.089618057012558,0.0569422394037247,0.257798790931702,0.29885596036911,0.280767738819122,0.370257079601288,0.351805716753006,0.668340265750885,0.690999925136566,0.7833012342453,0.907565772533417,0.842038869857788,0.149042442440987,0.179249688982964,0.263662189245224,0.273831963539124,0.409745424985886,0.530764639377594,0.530764639377594,0.1851626932621,0.1851626932621,0.188500255346298,0.212045297026634,0.223346769809723,0.396723181009293,0.396723181009293,0.455342590808868,0.385579794645309,0.421444207429886,0.487703800201416,0.433878481388092,0.491945922374725,0.49146494269371,0.483420252799988,0.452328890562057,0.29710841178894,0.16715395450592,1.56056904792786,1.57504236698151,1.57504236698151,1.51110732555389,1.51110732555389,1.59688997268677,1.59688997268677,1.20258748531342,0.446192443370819,0.446192443370819,0.367446064949036,0.399559378623962,0.351438462734222,0.353094696998596,0.542472302913666,0.617129504680634,0.749287188053131,0.895676910877228,0.687364399433136,0.7560093998909,0.424599468708038,0.424599468708038,0.401157140731812,0.392456710338593,0.456492960453033,0.22285658121109,0.051510576158762,-0.102017343044281,0.00498312525451183,-0.0414993353188038,-0.127188965678215,-0.127188965678215,-0.120885968208313,-0.0192730557173491,-0.288547873497009,0.116485923528671,0.394889742136002,0.417375892400742,0.368097484111786,0.178751155734062,0.211917102336884,0.205816984176636,0.148580476641655,0.148580476641655,0.148580476641655,0.0546079538762569,0.119973413646221,0.238757833838463,0.234453469514847,1.39344239234924,1.39344239234924,0.10507720708847,0.272658228874207,-0.311176776885986,-0.233449444174767,-0.153395414352417,-0.0406761318445206,-0.00742056965827942,-0.00742056965827942,0.352446317672729,0.10773228853941,-0.155260801315308,-0.155260801315308,0.0625042021274567,0.511098861694336,0.63893985748291,0.431873768568039,0.131992653012276,0.0642858594655991,0.58817583322525,1.19002330303192,1.14303171634674,0.516547799110413,0.267132490873337,0.533143401145935,0.229561015963554,0.229561015963554,0.1844462454319,0.217924222350121,0.355618804693222,0.355618804693222,0.332902252674103,0.0581531971693039,-0.0743980631232262,-0.279266446828842,-0.33243054151535,0.60805606842041,0.655654013156891,0.287971705198288,0.287971705198288,0.339350283145905,0.339350283145905,0.344559013843536,0.727795243263245,0.607757210731506,0.523912966251373,0.521525084972382,0.454712301492691,0.374588429927826,0.481440216302872,0.388430386781693,0.344875603914261,0.336192071437836,0.0875435471534729,0.5494424700737,0.5494424700737,0.5935138463974,0.614737451076508,0.280034601688385,0.280034601688385,0.280034601688385,-0.0574427917599678,0.00498047703877091,-0.631862223148346,0.123901911079884,0.151830092072487,0.262483447790146,0.486169338226318,0.483470857143402,-0.217510670423508,-0.270337790250778,0.395679891109467,0.362384676933289,0.351109713315964,0.346903443336487,0.400183290243149,0.0287691168487072,0.00741772120818496,0.120233431458473,0.120233431458473,-0.0931404158473015,-0.00600792886689305,-0.102287925779819,-0.140552431344986,0.942249536514282,0.0952892079949379,0.282168298959732,-0.593953728675842,0.0310351867228746,0.0523543991148472,0.0857032313942909,0.16894543170929,0.208732962608337,0.209495797753334,0.225667923688889,0.101696737110615,0.240865379571915,0.240865379571915,0.240865379571915,-0.0847262218594551,-0.0847262218594551,0.0331674329936504,0.0801831930875778,-0.229064360260963,-0.253649830818176,-0.268883556127548,-0.337464481592178,0.253405600786209,0.287316113710403,0.287316113710403,0.225877270102501,0.270436346530914,0.323987185955048,0.519806504249573,0.519806504249573,0.635746598243713,0.653621971607208,0.653759002685547,0.684682548046112,0.315175592899323,0.666502773761749,0.358412444591522,0.331906765699387,0.369980722665787,0.188500255346298,0.94496750831604,0.815541505813599,0.988623738288879,0.988623738288879,1.09682381153107,1.48724377155304,1.59274470806122,1.48724377155304,1.14952027797699,0.90944629907608,0.420226097106934,0.320844799280167,0.320844799280167,0.638812363147736,0.456492960453033,0.638812363147736,-0.00958640687167645,-0.304995507001877,-0.31439197063446,-0.333860456943512,-0.0834584683179855,0.175840049982071,-0.0196348447352648,0.790308773517609,0.914967238903046,1.34450221061707,0.371104568243027,0.948524713516235,0.608296871185303,0.481527090072632,0.504914700984955,0.261683523654938,0.261683523654938,0.274824261665344,0.104781106114388,0.0738936588168144,0.183818787336349,0.173578053712845,0.195022493600845,0.246530145406723,0.28147828578949,0.301750004291534,0.570849895477295,0.748667240142822,0.942111313343048,1.02415537834167,0.905184626579285,0.4474076628685,-0.174829304218292,-0.455261945724487,0.177886977791786,-0.00895696133375168,0.485372722148895,0.425152391195297,0.243925884366035,0.243925884366035,0.0831237509846687,0.282682180404663,0.282682180404663,0.818640410900116,0.749413967132568,0.0719548985362053,-0.396110087633133,-0.22915355861187,-0.17145961523056,-0.189689785242081,-0.189689785242081,-0.0969659388065338,0.0520318858325481,0.115301914513111,0.322523504495621,0.51667332649231,0.445574134588242,0.435659885406494,-0.274889796972275,0.112745553255081,-0.161377176642418,-0.194486364722252,-0.245056718587875,-0.245056718587875,-0.149782106280327,-0.227903380990028,0.252633988857269,0.230445057153702,-0.0849498957395554,0.221502646803856,0.252092301845551,0.127832844853401,0.42188948392868,0.452179223299026,-0.0207196716219187,0.0872954502701759,0.165929481387138,0.214296355843544,0.191822499036789,0.209061697125435,0.259668797254562,0.444950997829437,0.145082786679268,0.145082786679268,0.207341209053993,0.710106074810028,-0.15495628118515,0.355545163154602,0.298725455999374,0.724949181079865,0.596466541290283,0.331867396831512,0.361712098121643,0.384536921977997,0.378295123577118,0.344028115272522,0.297008872032166,0.896954774856567,0.896954774856567,0.783494889736176,0.710859358310699,0.43367874622345,0.352120339870453,0.679787933826447,0.210788577795029,0.0706332996487617,0.179670512676239,0.536184012889862,-0.145934045314789,0.147870719432831,0.162997126579285,-0.127668678760529,1.53565418720245,0.824859976768494,0.119428865611553,0.236216351389885,0.268992632627487,-0.263870567083359,0.257133156061172,0.203599870204926,0.140673160552979,0.0326176770031452,0.0613992512226105,0.138835981488228,0.0875458866357803,0.182823419570923,0.231114327907562,0.234448626637459,0.284792095422745,0.551382780075073,-0.0513080954551697,-0.0493009425699711,-0.0207196716219187,-0.0748459100723267,0.173055663704872,0.504749715328217,0.503955602645874,0.279583930969238,0.106726683676243,-0.00984927546232939,0.0158869326114655,1.44679975509644,0.858335614204407,0.281554788351059,0.239144325256348,0.367737680673599,0.367737680673599,0.383858442306519,0.566943824291229,0.500351369380951,0.630015254020691,0.68160355091095,0.595146954059601,0.584281325340271,0.396794885396957,0.429082721471786,0.470340967178345,0.533143401145935,0.399337589740753,0.64010226726532,0.557829022407532,0.244251191616058,0.136441394686699,0.0592319704592228,0.0464372932910919,0.121324084699154,0.156141921877861,-0.0390281900763512,-0.33529007434845,0.614375710487366,0.353992879390717,0.495851159095764,0.524374842643738,0.594434142112732,0.515590727329254,0.318682670593262,1.15315532684326,0.966464340686798,1.17662954330444,0.520494937896729,0.805424273014069,0.978904962539673,1.10052144527435,1.0585606098175,0.862112164497375,0.620526790618896,0.814485371112823,0.271659970283508,0.441966146230698,0.222469165921211,0.219444617629051,-0.178331270813942,-0.178545296192169,-0.178545296192169,-0.145102471113205,-0.145102471113205,-0.098147064447403,0.115418128669262,0.11143995821476,0.115418128669262,0.403995484113693,0.373572528362274,0.344783067703247,0.319943904876709,0.316893398761749,0.274549156427383,0.229504927992821,0.286771714687347,0.584191501140594,0.471206784248352,0.219444617629051,0.227800667285919,0.343142062425613,0.126460656523705,0.0368895456194878,-0.140552431344986,0.0952892079949379,-0.445654153823853,-0.438787758350372,-0.128108114004135,-0.233354955911636,-0.453159660100937,-0.216835737228394,-0.324783265590668,-0.081908218562603,-0.130443468689919,-0.223640516400337,-0.247435793280602,-0.247435793280602,-0.219423696398735,0.000734519213438034,0.841482996940613,0.867803454399109,0.596069633960724,0.867803454399109,0.879627704620361,0.710106074810028,-0.275626480579376,-0.455261945724487,-0.317792057991028,-0.23759825527668,-0.183366030454636,-0.183366030454636,-0.0574427917599678,-0.106482990086079,-0.0528890490531921,-0.0528890490531921,-0.0116131706163287,0.0684932246804237,0.0684932246804237,0.00328474352136254,0.0366518907248974,0.0720625445246696,-0.0648220628499985,-0.0156645756214857,-0.0648220628499985,-0.0204882193356752,0.303864866495132,0.352168470621109,-0.0210969559848309,0.201459944248199,0.242400899529457,0.201459944248199,0.367859691381454,0.321113109588623,0.0686549544334412,0.0924680382013321,0.292096167802811,0.28388649225235,0.465388536453247,0.550639867782593,0.536471962928772,0.317949146032333,0.682568550109863,0.686605930328369,0.289372801780701,0.317949146032333,0.0364097692072392,0.122404031455517,0.157269790768623,0.188416540622711,0.315175592899323,0.0807602033019066,0.144091576337814,0.12660825252533,0.20094358921051,0.217326104640961,0.164508298039436,0.154246181249619,0.167866244912148,0.63893985748291,0.551495432853699,0.621978938579559,0.554492294788361,0.385579794645309,0.492431551218033,0.474560111761093,0.407882243394852,0.301002144813538,0.362864166498184,-0.00984927546232939,0.00365537637844682,1.29811918735504,1.29811918735504,1.28438031673431,1.59274470806122,0.289666891098022,0.289666891098022,0.450756967067719,0.95208603143692,0.922268569469452,0.7560093998909,0.922268569469452,0.968695402145386,0.979390621185303,0.394889742136002,0.40629655122757,0.371539205312729,0.456492960453033,0.22285658121109,0.00021205932716839,-0.265192717313766,-0.0100744729861617,-0.297451168298721,-0.252962738275528,-0.229708597064018,-0.136932998895645,-0.0962026566267014,0.247623935341835,0.300904512405396,0.0312121491879225,-0.148146539926529,-0.183581799268723,0.31860288977623,0.470302820205688,1.26852357387543,0.820903897285461,0.492654055356979,0.143819034099579,-0.0863852873444557,-0.132836684584618,0.15363135933876,0.0369905978441238,1.00037264823914,-0.0319394916296005,-0.429993540048599,0.11759252846241,-0.0277319829910994,0.39869225025177,0.350933969020844,0.651728928089142,0.0342076234519482,0.516501486301422,0.412854552268982,0.161632508039474,0.0620946660637856,1.62822759151459,0.377495437860489,0.216100558638573,0.261432260274887,0.359393954277039,0.0524240918457508,0.210480585694313,0.244059056043625,0.336112469434738,0.794710397720337,0.428107380867004,1.38191497325897,0.201290965080261,0.675411462783813,0.863631546497345,1.49957549571991,-0.0253093335777521,-0.144963935017586,0.232356771826744,-0.237871617078781,0.230369403958321,0.277457028627396,0.0668377056717873,0.213550686836243,0.468245655298233,0.127967417240143,0.379045248031616,0.418887883424759,1.72409856319427,1.92200660705566,0.230294659733772,0.50182980298996,0.295110613107681,0.185576781630516,0.180381506681442,0.0851900577545166,0.477024883031845,0.327975153923035,1.09278035163879,0.134183511137962,0.507265567779541,0.287428438663483,-0.174820318818092,0.173025399446487,0.209729805588722,0.0708585530519485,1.13857042789459,0.404177755117416,0.383561164140701,0.612966895103455,0.11872560530901,0.289142638444901,0.293345749378204,0.249235391616821,0.228183820843697,0.478801250457764,0.497760683298111,0.874573826789856,0.271646559238434,0.13401198387146,0.117681913077831,-0.0306858085095882,-0.0766144245862961,-0.106545053422451,-0.361840188503265,0.0969626232981682,-0.152763918042183,0.00537166418507695,0.200129181146622,0.245040386915207,0.20071779191494,1.04561269283295,0.330879271030426,0.177302822470665,0.393938571214676,0.343019664287567,0.567752063274384,0.486719399690628,0.261418551206589,0.418948352336884,0.325623422861099,0.329133987426758,-0.00840133614838123,1.76527786254883,0.466102093458176,0.419221937656403,0.307022452354431,0.275258004665375,0.181214526295662,0.00804657116532326,-0.0620682202279568,0.413132101297379,0.0577739104628563,0.163980096578598,0.10574372112751,-0.0770446732640266,-0.103706389665604,-0.0483542159199715,0.0633496791124344,0.385174036026001,0.226548656821251,0.454944163560867,0.492283523082733,0.72701895236969,0.563723266124725,0.516204595565796,0.883445501327515,0.49319514632225,0.0777338072657585,0.178203493356705,1.36628997325897,0.770414113998413,-0.0111421812325716,0.136207237839699,-0.0768255516886711,0.145338788628578,-0.211830213665962,-0.371365636587143,0.127660796046257,0.0607537552714348,0.121671050786972,0.468435794115067,-0.0669652223587036,1.41110002994537,0.44593608379364,0.470964550971985,0.735243082046509,0.575024008750916,0.483407765626907,0.260942488908768,0.184158027172089,0.401608854532242,0.426138788461685,0.150278076529503,0.132141575217247,0.185174882411957,0.470805525779724,0.267262250185013,0.18444512784481,0.144994109869003,0.231149271130562,0.0465169288218021,-0.0436041764914989,1.0943660736084,0.644692182540894,0.416562795639038,0.279717981815338,1.48832559585571,1.59562849998474,0.830499291419983,-0.20844241976738,-0.0478417687118053,-0.0816077440977097,0.283390551805496,-0.292009443044662,-0.169079601764679,0.201515510678291,0.0451611503958702,-0.0857755690813065,0.231911316514015,0.564912915229797,0.430735468864441,0.430735468864441,0.361474603414536,-0.153625577688217,-0.0162294153124094,0.00201369007118046,-0.0443530082702637,0.031205466017127,0.234698891639709,0.575448513031006,1.46137380599976,0.222388088703156,0.140983164310455,0.909251093864441,0.597430884838104,0.473032653331757,0.30124220252037,0.183724209666252,0.0680172890424728,0.525720953941345,0.3243528008461,0.189064592123032,-0.0106395334005356,0.293465554714203,0.268674403429031,0.349129855632782,0.0517485365271568,-0.0261639952659607,-0.0961237698793411,0.228309318423271,1.8263875246048,1.89203786849976,-0.0865459442138672,-0.104473732411861,0.503363192081451,0.141240492463112,0.545762479305267,0.136177197098732,0.574460029602051,0.526001155376434,0.384947180747986,0.118217408657074,0.226173296570778,0.295636266469955,0.188546285033226,-0.0117980809882283,-0.183012738823891,0.240043163299561,0.21784545481205,0.249744191765785,-0.0599731281399727,0.1347416639328,0.225010886788368,0.233334705233574,0.553233087062836,1.2246105670929,0.814898252487183,0.409806579351425,0.263178616762161,0.502741158008575,0.61309289932251,0.208721727132797,0.33794242143631,-0.0309222508221865,0.228736981749535,0.0328589789569378,-0.0567152388393879,0.136412426829338,0.0878556370735168,0.159081265330315,0.0471245124936104,0.42774286866188,0.119038097560406,0.307477593421936,0.31860288977623,0.383561164140701,0.583863735198975,0.293345749378204,0.311609029769897,0.265294641256332,0.265294641256332,0.265294641256332,0.485495328903198,0.0942158848047256,-0.00987608265131712,-0.0766144245862961,0.217925265431404,0.0969626232981682,1.14046251773834,1.06733536720276,0.526330769062042,0.400404334068298,0.358653157949448,0.87736839056015,0.820903897285461,0.820903897285461,0.547817647457123,0.547817647457123,0.261418551206589,0.407598912715912,0.325623422861099,0.406240224838257,0.265823364257812,0.120973691344261,0.0244518257677555,-0.0572165176272392,-0.0572165176272392,0.487890154123306,0.487890154123306,0.15363135933876,0.275258004665375,0.275258004665375,0.29164582490921,0.29164582490921,0.29164582490921,0.253276944160461,0.0503871813416481,0.00804657116532326,-0.0813677161931992,-0.0464344397187233,0.128617525100708,0.10574372112751,0.0795122161507607,0.0795122161507607,-0.0483542159199715,0.0316129997372627,0.0316129997372627,0.385174036026001,-0.136468574404716,-0.0651131644845009,0.0348767153918743,0.522316038608551,0.563723266124725,1.32340383529663,1.15904700756073,1.15904700756073,0.857311189174652,0.728649258613586,0.825717568397522,-0.103426150977612,-0.0111421812325716,-0.0111421812325716,0.136207237839699,0.136207237839699,-0.0319394916296005,-0.0839876905083656,-0.353154093027115,-0.331280082464218,-0.232528746128082,-0.429993540048599,-0.025128185749054,0.761696934700012,0.289148092269897,0.0199998691678047,0.0269726887345314,-0.0455158464610577,0.00689832353964448,0.00689832353964448,-0.0047647887840867,0.39869225025177,0.44593608379364,0.334746718406677,0.520337760448456,0.594049692153931,0.520337760448456,0.326263666152954,0.286005347967148,0.48480623960495,0.634446144104004,0.651728928089142,-0.0453343130648136,0.180539593100548,0.516501486301422,0.516501486301422,0.516501486301422,0.218220293521881,0.259664237499237,0.191097065806389,0.225838497281075,0.184753522276878,0.0620946660637856,1.35951030254364,0.366189301013947,0.353277921676636,0.449400961399078,0.449400961399078,0.449400961399078,0.168159335851669,0.132141575217247,0.168159335851669,0.134419471025467,0.185174882411957,0.209094241261482,-0.0467708148062229,-0.0599618330597878,0.952811181545258,0.952811181545258,0.45731383562088,0.470805525779724,0.36613941192627,0.138765424489975,0.210480585694313,0.25421991944313,0.231149271130562,0.0465169288218021,0.0342523343861103,0.336112469434738,0.356241226196289,0.432659924030304,0.593805432319641,1.20210003852844,1.19096565246582,1.38191497325897,0.313430309295654,1.64299941062927,1.64299941062927,1.64299941062927,1.71991074085236,1.65280711650848,0.912375867366791,-0.20844241976738,-0.105608038604259,-0.0306858085095882,-0.0816077440977097,-0.0816077440977097,-0.118563704192638,0.283390551805496,0.195398911833763,-0.292009443044662,-0.321361869573593,-0.263922452926636,0.0216305963695049,-0.217658042907715,0.0132441418245435,0.0124856643378735,0.0132441418245435,0.590744972229004,0.476945012807846,0.564912915229797,0.277457028627396,0.127486303448677,0.102206513285637,0.0723302364349365,0.0380010083317757,-0.0189689099788666,-0.0100972438231111,0.20071779191494,0.212724953889847,0.434494972229004,0.405150651931763,0.634558975696564,0.518477082252502,0.499404519796371,0.191484212875366,0.219627201557159,0.219042763113976,0.66757595539093,0.398741513490677,0.486719399690628,0.347044289112091,0.367795616388321,0.260838806629181,0.270505279302597,0.183724209666252,0.194303423166275,0.0868184119462967,0.735243082046509,0.735243082046509,0.576426148414612,0.3243528008461,0.221704453229904,0.165417283773422,0.0868184119462967,0.0868184119462967,0.264637023210526,0.303127884864807,0.410492926836014,-0.0561893209815025,0.0685933083295822,0.0434916391968727,-0.0639612823724747,-0.105320394039154,0.201471850275993,1.39101564884186,1.5335807800293,1.72798311710358,1.62822759151459,1.97342562675476,0.988177537918091,1.92200660705566,0.0888917297124863,0.432589381933212,0.373193651437759,0.373193651437759,0.52723091840744,0.503363192081451,0.141240492463112,0.0155925517901778,0.0155925517901778,0.587618768215179,0.587618768215179,0.497124165296555,0.467998772859573,0.144994109869003,0.118217408657074,0.163724422454834,0.219569608569145,0.21091639995575,0.226173296570778,0.225694611668587,0.25044372677803,0.188546285033226,-0.0791275873780251,-0.0791275873780251,0.21784545481205,0.249744191765785,0.306302547454834,-0.0735726207494736,0.742107093334198,0.698909819126129,0.903325796127319,0.145580470561981,0.232458397746086,0.0370516739785671,-0.0288347788155079,-0.0308046545833349,0.83513468503952,0.80069625377655,0.442976593971252,0.36290517449379,0.477024883031845,0.774380207061768,0.820393800735474,1.23301672935486,0.193942531943321,0.310723692178726,0.355935990810394,0.176758676767349,0.443660378456116,1.14071977138519,1.13017117977142,1.2324835062027,1.35526716709137,0.440212428569794,0.403493642807007,0.477963358163834,0.409009695053101,0.431202173233032,0.230450659990311,0.179622635245323,0.147696927189827,0.821448445320129,0.644692182540894,0.737836003303528,0.379124522209167,0.507265567779541,0.64832991361618,0.149862125515938,0.149862125515938,0.287428438663483,0.33794242143631,0.287428438663483,0.487409621477127,-0.0527815371751785,-0.100449748337269,-0.0527815371751785,-0.0478417687118053,-0.033411230891943,-0.033411230891943,0.228736981749535,-0.174820318818092,-0.000702938588801771,0.194159165024757,0.0328589789569378,-0.0567152388393879,-0.0567152388393879,0.139073595404625,0.136412426829338,0.141449272632599,0.148291707038879,-0.00135622685775161,0.018712917342782,0.0190664101392031,0.0471245124936104,0.230369403958321,0.239959567785263,0.42774286866188,0.358570396900177,0.344360917806625,0.500388503074646,0.209729805588722,0.401147961616516,0.0873960629105568,-0.00705040665343404,0.0872176364064217,0.0609039403498173,0.0609039403498173,1.13857042789459,0.791162848472595,0.791162848472595,0.791162848472595,1.13857042789459,0.0354699641466141,0.211450278759003,0.609204471111298,0.153719022870064,0.332989484071732,0.305306553840637,0.249235391616821,0.169322565197945,0.249235391616821,0.228183820843697,0.216100558638573,0.216100558638573,0.419603914022446,0.454443633556366,0.795652389526367,0.0524240918457508,0.0524240918457508,0.13401198387146,0.336112469434738,-0.0631707906723022,-0.0273305904120207,-0.109741926193237,-0.144963935017586,-0.109741926193237,-0.118563704192638,-0.335029155015945,-0.263922452926636,-0.265102475881577,-0.175986975431442,0.0969626232981682,0.00537166418507695,0.0132441418245435,0.277457028627396,0.254133880138397,0.194664001464844,0.143177211284637,0.0934696644544601,0.163941204547882,1.04561269283295,1.14147961139679,1.27994012832642,0.400404334068298,0.197616964578629,0.371709078550339,0.66757595539093,0.527409076690674,0.398741513490677,0.398741513490677,0.165417283773422,0.127967417240143,0.23437973856926,0.325623422861099,0.264637023210526,0.38262090086937,0.12005191296339,-0.111798949539661,-0.220848008990288,0.881736814975739,1.2949800491333,0.439266264438629,0.452843576669693,0.419221937656403,0.230294659733772,0.37268191576004,0.432589381933212,0.434572577476501,0.434572577476501,0.434572577476501,0.36537304520607,0.181214526295662,0.00448782462626696,-0.157086461782455,-0.221193894743919,-0.221193894743919,-0.12419281154871,-0.0318636856973171,0.467998772859573,0.413132101297379,0.358166426420212,0.358166426420212,0.0577739104628563,0.205117344856262,0.180214107036591,0.180214107036591,-0.0839504599571228,-0.0609780065715313,-0.089456282556057,0.421515703201294,0.59501850605011,0.0890574678778648,0.0890619605779648,0.0809296518564224,0.492419719696045,0.533240675926208,0.691212594509125,0.785949230194092,0.405009627342224,0.272446781396866,0.453389674425125,0.385119736194611,0.371594399213791,0.431607455015182,0.453243106603622,0.654479146003723,0.706862509250641,0.615582644939423,0.759196579456329,0.107436843216419,0.0832381248474121,0.0777338072657585,0.180836766958237,0.737836003303528,0.379124522209167,0.0874227657914162,0.0874227657914162,0.236184865236282,-0.0685815811157227,-0.0685815811157227,0.145338788628578,0.232356771826744,-0.256190925836563,-0.256190925836563,-0.0581575371325016,-0.109273567795753,-0.0874723047018051,0.265164792537689,0.495656669139862,0.703842401504517,0.127660796046257,0.274785846471786,0.192101359367371,0.188715517520905,0.153436779975891,0.556095004081726,0.712173104286194,-0.0098406495526433,0.282160937786102,0.67061460018158,0.671731114387512,0.660098791122437,1.2324458360672,0.474905610084534,0.769430816173553,0.877078831195831,0.113216005265713,0.574118256568909,0.716886758804321,0.465557307004929,0.695775866508484,0.323553532361984,0.560372233390808,0.468257129192352,0.378565102815628,0.492654055356979,0.322638273239136,0.283467441797256,0.352400243282318,0.219049125909805,0.0998525470495224,0.202930018305779,1.47649776935577,0.803675413131714,0.353277921676636,0.401608854532242,0.401608854532242,0.439266264438629,0.426138788461685,0.131379842758179,0.134419471025467,0.15363135933876,0.00184997101314366,0.623638510704041,0.623638510704041,0.360981285572052,0.214687287807465,0.405524015426636,0.405524015426636,0.0437893122434616,0.0485058762133121,0.114099405705929,0.25421991944313,0.244059056043625,0.16534224152565,0.16534224152565,0.219307124614716,0.16463378071785,0.0828729718923569,0.0369905978441238,0.244318619370461,0.59501850605011,0.338481396436691,0.534378826618195,1.0943660736084,1.23764681816101,0.136771067976952,0.543084859848022,0.821448445320129,0.670209228992462,0.416562795639038,0.536388993263245,0.416967689990997,1.48832559585571,1.51868271827698,1.60013699531555,1.12533247470856,1.12533247470856,1.12533247470856,0.912375867366791,-0.228885158896446,-0.0319394916296005,-0.228885158896446,-0.105608038604259,-0.0839876905083656,-0.0478417687118053,-0.0203241147100925,-0.106545053422451,0.145338788628578,0.11759252846241,-0.138301938772202,-0.0607955157756805,0.0216305963695049,0.201515510678291,-0.120358668267727,-0.120358668267727,0.0530236139893532,-0.0857755690813065,0.0124856643378735,0.231911316514015,0.590744972229004,0.590744972229004,0.430735468864441,0.430735468864441,-0.153625577688217,-0.0569519251585007,0.0307666677981615,0.0909276232123375,0.0307666677981615,0.00447271624580026,0.00427033519372344,-0.0359729006886482,-0.0238561108708382,0.0242283381521702,0.031205466017127,0.0855313986539841,1.49334120750427,1.46137380599976,0.177302822470665,0.222388088703156,0.222388088703156,0.27851203083992,-0.0730584785342216,0.118720985949039,0.339410543441772,0.463991940021515,0.429638028144836,0.474911391735077,0.909251093864441,0.13137312233448,0.219627201557159,0.468245655298233,0.486719399690628,0.473032653331757,0.473032653331757,0.421515703201294,0.367795616388321,0.30124220252037,0.270505279302597,0.221878081560135,0.223202958703041,0.223202958703041,0.246367618441582,0.407598912715912,0.525720953941345,0.158949941396713,-0.0106395334005356,0.00237142201513052,0.00237142201513052,-0.062009621411562,-0.204557374119759,-0.270583480596542,-0.325058549642563,0.122900500893593,0.218240156769753,0.28054067492485,0.161073818802834,0.21903683245182,0.307098031044006,0.504908502101898,0.687439620494843,0.687439620494843,0.848089635372162,0.880799531936646,0.124470219016075,0.0741352140903473,-0.0239056628197432,0.00508272927254438,-0.0403395146131516,0.10464683175087,0.0517485365271568,0.0683846175670624,0.0683846175670624,0.210974484682083,-0.132836684584618,0.0437893122434616,0.18444512784481,0.236522406339645,0.210480585694313,1.5335807800293,1.45762598514557,1.48191905021667,-0.246129274368286,0.158344551920891,-0.246129274368286,-0.104407176375389,0.393974810838699,0.330299943685532,0.36613941192627,0.175163939595222,0.238435357809067,0.295110613107681,0.0916572883725166,0.0483152903616428,0.0199927017092705,0.106308631598949,0.413638919591904,0.286182254552841,0.545762479305267,0.526001155376434,0.384947180747986,0.0485058762133121,0.0777955874800682,0.206497251987457,0.178510919213295,0.198133066296577,0.206497251987457,0.260382324457169,0.202729418873787,0.0830021351575851,0.0830021351575851,-0.0267438571900129,0.0312741436064243,-0.0726938918232918,-0.179803058505058,-0.12542550265789,-0.183012738823891,0.145113810896873,0.125866010785103,0.21784545481205,0.306302547454834,0.719554245471954,0.729707539081573,0.915960967540741,0.884173333644867,0.739832997322083,-0.0124605288729072,0.11722969263792,0.0919918641448021,0.159006655216217,0.297006636857986,0.204410418868065,0.210920408368111,0.527540743350983,0.613167822360992,0.682135283946991,0.796004772186279,0.937148094177246,0.785949230194092,0.420286595821381,0.796463370323181,0.898441255092621,0.720852792263031,0.990047514438629,1.08297514915466,1.08297514915466,0.473130285739899,0.491969555616379,1.55622446537018,1.41110002994537,0.289142638444901,0.305306553840637,0.377495437860489,0.185033038258553,0.377495437860489,0.464915126562119,0.320067673921585,0.464333236217499,0.39048758149147,0.771828711032867,0.561137437820435,0.81348192691803,0.208721727132797,0.33794242143631,0.470302820205688,0.612966895103455,0.487409621477127,0.379045248031616,-0.0778677091002464,-0.100449748337269,-0.0778677091002464,-0.0253093335777521,-0.0626438558101654,-0.0501502677798271,0.198894813656807,0.198894813656807,0.228736981749535,0.228736981749535,-0.132091119885445,0.194159165024757,0.0287619866430759,0.0696528479456902,-0.254804819822311,-0.254804819822311,-0.371365636587143,0.132856339216232,0.11759252846241,0.159081265330315,0.0974666401743889,0.0586221478879452,0.110068999230862,0.0471245124936104,0.065597727894783,0.239959567785263,0.596390187740326,-0.0607120655477047,-0.0338263623416424,0.168925762176514,0.27145192027092,0.190565750002861,0.199466228485107,0.114514470100403,0.156986072659492,0.56773430109024,0.407711565494537,0.181189924478531,0.546571969985962,0.303868472576141,-0.115919381380081
0.733905255794525,0.42544224858284,0.0318427048623562,0.312002539634705,0.690479755401611,0.0702342987060547,-0.0649341195821762,0.311382621526718,-0.0531299337744713,-0.0759826600551605,0.147937253117561,-0.0106597663834691,0.573769211769104,-0.109577551484108,0.0779140219092369,-0.052329707890749,0.477038264274597,0.466067582368851,0.0769726410508156,0.154106020927429,0.304525703191757,0.0363937132060528,0.966657638549805,-0.0891853421926498,0.125881865620613,0.0380201786756516,-0.50826895236969,-0.109214328229427,-0.0522397793829441,0.116017237305641,0.115624770522118,0.424665600061417,0.106166936457157,-0.0407815389335155,0.1435457020998,-0.0517509840428829,-0.30532094836235,-0.146584436297417,0.286117970943451,0.986132740974426,0.301591455936432,0.188772231340408,0.0795967876911163,-0.0415982976555824,0.0159545261412859,0.229815989732742,-0.128107830882072,-0.0221774615347385,0.0317626744508743,0.28824919462204,0.261589795351028,-0.0382567867636681,0.293291628360748,0.456494003534317,-0.493526846170425,-0.303793758153915,0.1328065097332,0.0886220410466194,0.0750848054885864,0.742741823196411,-0.0342290811240673,0.150518551468849,0.323843449354172,0.443567752838135,0.608761250972748,0.360340088605881,0.0602034665644169,0.311672329902649,-0.0367777645587921,-0.0973684191703796,0.644146382808685,0.0696471855044365,0.00491467677056789,0.0247434917837381,0.523039996623993,0.285234540700912,0.0551471188664436,-0.232396304607391,0.0308801662176847,0.116172261536121,0.0354680344462395,-0.286083310842514,0.0261253789067268,0.18070974946022,0.327725261449814,0.0739196166396141,0.886680126190186,0.610889852046967,0.061213668435812,0.192797690629959,-0.306195825338364,0.373729556798935,0.223992988467216,0.351508527994156,0.449755191802979,-0.139052733778954,0.0646553114056587,-0.123566828668118,-0.285363733768463,0.270803898572922,-0.16285814344883,0.0394512787461281,-0.0359451100230217,0.0110384142026305,0.0193411689251661,-0.0531385205686092,-0.0111050000414252,0.305692195892334,0.0833468660712242,0.294798731803894,-0.0757147893309593,0.0851960703730583,0.194415122270584,0.232932344079018,0.3428755402565,0.0674356296658516,-0.195745304226875,-0.408516645431519,-0.413114368915558,-0.294817447662354,0.0891074612736702,-0.234833881258965,-0.0981594398617744,0.408319234848022,0.532279670238495,0.639943957328796,0.0493844971060753,-0.0365574657917023,0.0243207570165396,0.340882003307343,0.492753624916077,0.333556294441223,-0.00115731451660395,0.26516580581665,0.0524686202406883,-0.0831839814782143,-0.0799858719110489,-0.11345511674881,0.292145103216171,0.532657742500305,0.700690507888794,0.349552154541016,0.586501181125641,0.0599827282130718,0.00487934378907084,-0.0769362077116966,0.369070768356323,0.495799213647842,-0.380106538534164,-0.290875315666199,0.0723012462258339,-0.0490065515041351,-0.254248291254044,-0.294785112142563,0.105634592473507,0.614963412284851,-0.263051509857178,-0.0538459159433842,0.382091641426086,-0.344073802232742,-0.141173899173737,-0.397293478250504,-0.520814061164856,-0.546810746192932,-0.455551564693451,-0.203745722770691,-0.364212185144424,-0.0847176611423492,-0.172741368412971,-0.207612007856369,-0.108893558382988,0.153109058737755,0.185678541660309,0.624075770378113,0.156339064240456,0.470015436410904,0.180853232741356,0.485992282629013,0.393318027257919,0.163052067160606,-0.0190431512892246,0.305457949638367,0.0735693946480751,-0.27687194943428,0.216506987810135,0.166058033704758,0.175892636179924,0.261201232671738,0.40144956111908,0.0647372230887413,0.0548075661063194,0.238452523946762,-0.299264341592789,-0.362853109836578,-0.0151894418522716,-0.0137243904173374,0.0727590471506119,0.0755313709378242,0.100992195308208,0.894853472709656,0.127288550138474,0.306793332099915,0.109179452061653,0.213205561041832,0.0663225501775742,0.153207063674927,0.0884699374437332,-0.141435816884041,0.214207768440247,0.357773989439011,0.118468247354031,0.350319266319275,0.480148017406464,0.696006715297699,0.770370841026306,0.556091010570526,0.608709037303925,0.236065000295639,-0.0714078769087791,-0.073840968310833,0.51773339509964,0.383019477128983,0.150376290082932,0.113860383629799,-0.172947809100151,-0.00106668449006975,-0.0137518160045147,0.139106318354607,-0.297956138849258,0.00853501353412867,0.168052792549133,-0.23812897503376,-0.256875932216644,-0.342400372028351,-0.301801204681396,-0.597340226173401,-0.258893370628357,0.101077526807785,0.0732065364718437,0.216931536793709,0.310920119285583,0.245788618922234,0.608678817749023,-0.018313180655241,0.123177014291286,0.0402686856687069,-0.0809790268540382,-0.0948371291160583,-0.0592728890478611,0.57868492603302,0.255938470363617,0.276279032230377,0.0306766796857119,0.0126395924016833,-0.193742036819458,-0.310241639614105,-0.0912845954298973,-0.113644868135452,0.638091623783112,0.723913967609406,0.0696471855044365,-0.0444217137992382,0.448851525783539,0.523039996623993,0.529840767383575,0.415258198976517,-0.530277609825134,0.0443584211170673,0.0308801662176847,0.0274768527597189,0.0318427048623562,0.274166166782379,0.0354680344462395,-0.135805547237396,-0.135805547237396,0.48171728849411,0.689192652702332,0.716200709342957,0.716200709342957,0.0695983022451401,0.0471738800406456,0.0184651482850313,-0.0226031336933374,0.061213668435812,-0.318713128566742,0.381510108709335,0.165641248226166,-0.0327977202832699,0.543421626091003,0.484707772731781,0.470105856657028,0.43392026424408,0.105581179261208,0.262430816888809,0.0172265507280827,0.0915646702051163,0.0152790090069175,-0.144025832414627,-0.120822377502918,-0.124693803489208,-0.101214677095413,0.0245652422308922,0.16260726749897,0.0878588855266571,0.163466274738312,-0.108176216483116,0.131767854094505,-0.108176216483116,0.0792419388890266,-0.0106597663834691,0.372617602348328,0.28564453125,0.422757595777512,0.422757595777512,0.547920227050781,-0.355378746986389,-0.45142874121666,0.0674230083823204,0.0903201401233673,-0.305698662996292,-0.234833881258965,-0.244660139083862,-0.244660139083862,0.530970513820648,0.603614509105682,-0.139776960015297,0.527780771255493,0.405703485012054,0.430111855268478,0.0632030218839645,0.0457186661660671,-0.0668372809886932,-0.0681025087833405,-0.0681025087833405,0.586597561836243,0.597336411476135,0.63271576166153,0.759228527545929,0.229003980755806,0.223840266466141,0.503415822982788,0.507158994674683,0.533948719501495,0.0769726410508156,0.0599827282130718,0.00491467677056789,0.419381648302078,0.360277265310287,0.360277265310287,0.201053217053413,0.120627500116825,-0.471310317516327,-0.14706327021122,-0.14706327021122,0.0854396000504494,0.058111846446991,0.0796989426016808,0.024325443431735,-0.151543587446213,-0.195376634597778,0.86346161365509,-0.42991042137146,-0.105834066867828,-0.232396304607391,0.112445935606956,0.153399869799614,0.112445935606956,0.639410078525543,-0.238133609294891,-0.304661780595779,-0.616400301456451,-0.238133609294891,-0.208672434091568,0.132010370492935,0.133376345038414,0.250512063503265,0.194361716508865,-0.0482260622084141,-0.0482260622084141,-0.093013621866703,-0.105165287852287,-0.325053930282593,-0.241211205720901,-0.282750874757767,-0.289211452007294,-0.409618616104126,-0.165761664509773,-0.461339324712753,-0.507545948028564,0.153109058737755,0.297450661659241,0.0709100216627121,0.00300317257642746,0.00300317257642746,0.0849280953407288,0.415891706943512,0.524569809436798,0.311788976192474,0.374624043703079,0.313320606946945,0.313320606946945,0.438285738229752,0.312398582696915,0.316586375236511,0.20857597887516,0.592875838279724,0.375178426504135,0.437665462493896,0.217434585094452,0.445720016956329,0.0911249220371246,0.0821945890784264,0.0510599538683891,0.00275816395878792,0.0647372230887413,0.0647372230887413,-0.0332030355930328,-0.299264341592789,-0.397739857435226,-0.0844845175743103,0.192797690629959,0.117289252579212,0.0656290128827095,0.0262288376688957,-0.287103533744812,0.62192976474762,0.286117970943451,0.223992988467216,0.179699763655663,0.0605032034218311,0.100992195308208,1.05416476726532,1.21952056884766,0.212418958544731,0.212418958544731,0.297245770692825,0.00566535675898194,0.365483909845352,0.477578639984131,0.212472066283226,0.213121563196182,0.0795967876911163,0.0663225501775742,0.0756670162081718,0.0223239436745644,-0.108241751790047,0.0331664681434631,0.0609219186007977,0.219545751810074,0.198931485414505,0.0467934794723988,0.16814050078392,0.290438771247864,0.377416491508484,0.344444215297699,0.692197382450104,0.659106254577637,0.64974057674408,0.64974057674408,0.129509851336479,0.231546089053154,-0.0467367954552174,-0.0239813234657049,-0.0354170128703117,-0.0293246693909168,-0.0836232006549835,-0.0593524798750877,0.0401113070547581,-0.00272324681282043,-0.015615651383996,0.415085434913635,0.389993190765381,0.506829082965851,0.579316377639771,0.0954704731702805,0.0954704731702805,0.254257619380951,0.312955886125565,0.312955886125565,0.285516411066055,-0.0757147893309593,0.00817090645432472,-0.0948455333709717,-0.127198815345764,0.0195516608655453,-0.0566250197589397,0.232932344079018,0.129089161753654,0.22124408185482,0.0433034300804138,0.2581886947155,0.242193192243576,0.247158989310265,0.540593862533569,-0.167913675308228,-0.13771066069603,0.241650179028511,-0.368274182081223,-0.331151217222214,0.23043991625309,-0.165283381938934,-0.195745304226875,-0.187954992055893,-0.187954992055893,-0.187954992055893,-0.256875932216644,-0.342400372028351,-0.426482886075974,-0.514331996440887,-0.597340226173401,-0.493526846170425,-0.341861665248871,-0.297787249088287,-0.303793758153915,-0.3162821829319,-0.24659264087677,0.02840113081038,0.02840113081038,0.0732065364718437,0.23922935128212,-0.0124733913689852,0.0575770810246468,0.112940400838852,0.193897128105164,0.283773511648178,0.431874841451645,0.375622808933258,0.701774120330811,0.75854903459549,0.742741823196411,-0.0119579797610641,-0.0146503988653421,-0.0352623909711838,0.0400795564055443,0.149478450417519,0.46258357167244,0.46258357167244,-0.109214328229427,-0.109214328229427,-0.0522397793829441,-0.0481502637267113,-0.0530554167926311,-0.0193312782794237,-0.0193312782794237,0.0402686856687069,-0.0809790268540382,-0.0592728890478611,-0.0478371046483517,0.0401536747813225,0.00192189239896834,0.0170435532927513,0.0160463526844978,0.100854054093361,0.232752695679665,0.138687342405319,0.52630603313446,0.498958349227905,0.498958349227905,0.492753624916077,0.492753624916077,0.383744150400162,0.383744150400162,0.271869480609894,0.0150692705065012,0.0150692705065012,-0.00115731451660395,0.0602034665644169,0.360075622797012,0.258377134799957,0.311672329902649,0.257155179977417,0.296394437551498,0.276279032230377,0.253602236509323,0.167950689792633,0.0852134749293327,0.0852134749293327,0.0638897493481636,0.0717655494809151,0.0349014885723591,0.0532913953065872,0.105342589318752,-0.00551134860143065,0.0253223646432161,-0.285938709974289,-0.345739513635635,-0.345739513635635,-0.31010901927948,-0.0637834668159485,-0.215987682342529,-0.067703403532505,-0.0481166914105415,-0.0798012018203735,-0.0973684191703796,0.524015069007874,0.547560393810272,0.614736020565033,0.0835139080882072,0.0835139080882072,0.0835139080882072,-0.125225991010666,-0.0444217137992382,0.614040672779083,0.483317404985428,0.460409641265869,0.460409641265869,-0.682532131671906,0.0363937132060528,-0.42991042137146,-0.36411115527153,-0.276076674461365,-0.171615689992905,-0.0649000033736229,-0.0649000033736229,0.274166166782379,0.0380201786756516,-0.133710071444511,-0.133710071444511,-0.345727920532227,0.00616961065679789,0.116017237305641,-0.0885957479476929,0.0976287573575974,-0.0136048328131437,0.612030446529388,1.25162160396576,0.814267873764038,0.669020712375641,0.516747355461121,0.217904642224312,0.0098315067589283,0.0098315067589283,-0.0407815389335155,-0.0474910996854305,0.154106020927429,0.154106020927429,0.061213668435812,-0.270153969526291,-0.300693720579147,-0.30360272526741,-0.290727496147156,0.166034489870071,0.15496189892292,0.338408380746841,0.338408380746841,0.381510108709335,0.381510108709335,0.286117970943451,0.951877474784851,0.845341682434082,0.56225997209549,0.430059254169464,0.367267847061157,0.360604792833328,0.470105856657028,0.517083942890167,0.117457821965218,0.116366930305958,-0.0445095151662827,0.363643676042557,0.363643676042557,0.371124804019928,0.275278627872467,-0.000420315773226321,-0.000420315773226321,-0.000420315773226321,-0.0415982976555824,0.415419340133667,-0.234610259532928,0.157747089862823,0.0473409742116928,-0.223449423909187,-0.0917509198188782,-0.0359176732599735,-0.0472331531345844,-0.0347330570220947,0.0238538663834333,-0.0114682354032993,0.0193411689251661,0.0501488819718361,0.0594808459281921,-0.0531385205686092,-0.0142612149938941,0.140074655413628,0.140074655413628,0.0953819751739502,0.286874890327454,0.0833468660712242,0.124022923409939,0.864656150341034,0.387208342552185,0.486963838338852,0.106311105191708,0.0738513246178627,0.0784557834267616,0.144357830286026,0.274153769016266,0.316206932067871,0.285570919513702,0.336454659700394,-0.13771066069603,-0.222078800201416,-0.222078800201416,-0.222078800201416,-0.367049008607864,-0.367049008607864,-0.429070353507996,-0.455542683601379,-0.307135611772537,-0.361406058073044,-0.357440382242203,-0.343533366918564,-0.0938367247581482,0.0891074612736702,0.0891074612736702,0.108981095254421,-0.0298459753394127,-0.0981594398617744,0.447722911834717,0.447722911834717,0.485364645719528,0.563851118087769,0.63548469543457,0.663771986961365,0.139551550149918,-0.151816666126251,-0.00297016277909279,0.0405335761606693,0.0183053091168404,-0.0522397793829441,0.321694105863571,0.340882003307343,0.338769853115082,0.338769853115082,0.404749274253845,0.635264694690704,0.499190419912338,0.635264694690704,0.473007410764694,0.333556294441223,-0.00385207775980234,-0.0731541812419891,-0.0731541812419891,0.0307408925145864,0.0349014885723591,0.0307408925145864,-0.361591786146164,-0.178252816200256,-0.164420872926712,-0.205303445458412,-0.037722609937191,-0.0664369761943817,-0.11345511674881,0.520575106143951,0.707569420337677,0.958900570869446,0.400743812322617,0.631386578083038,0.581005573272705,0.517974734306335,0.0438685491681099,0.0599827282130718,0.0599827282130718,0.00487934378907084,-0.070502869784832,-0.110805824398994,0.396646797657013,0.35710334777832,0.304525703191757,0.346237808465958,0.364231526851654,0.0387103110551834,0.399351447820663,0.457639187574387,0.486489355564117,0.285234540700912,0.345672219991684,0.012888889759779,-0.123566828668118,-0.290875315666199,-0.0506162717938423,-0.0285838767886162,0.0109146125614643,0.0697934329509735,0.0953825488686562,0.0953825488686562,-0.312868028879166,-0.114457160234451,-0.114457160234451,0.966657638549805,0.744426727294922,0.348443359136581,0.0054389601573348,-0.0723292306065559,-0.226067766547203,-0.268273234367371,-0.268273234367371,-0.127618461847305,0.114009357988834,0.212377429008484,0.492069989442825,0.755707800388336,0.639410078525543,0.00736728683114052,-0.341623961925507,-0.0459466204047203,-0.366988122463226,-0.520814061164856,-0.416263431310654,-0.416263431310654,-0.546810746192932,-0.516459405422211,-0.114659294486046,-0.109939321875572,-0.280073761940002,0.119705550372601,-0.00302279065363109,-0.305698662996292,0.137334302067757,0.125831857323647,-0.306805163621902,-0.178704261779785,-0.0997252240777016,-0.0347425155341625,-0.233934581279755,-0.132313966751099,-0.138090044260025,0.185678541660309,0.0616481974720955,0.0616481974720955,0.0330860614776611,-0.0031439084559679,0.111505061388016,0.450614750385284,0.360556811094284,0.23267325758934,0.205221742391586,0.404514878988266,0.438285738229752,0.485992282629013,0.504282355308533,0.406104505062103,0.352154612541199,0.207765728235245,0.207765728235245,0.312398582696915,0.355540990829468,0.180637747049332,0.14272728562355,0.437665462493896,0.0214306227862835,-0.0733286365866661,0.0963023602962494,0.370703369379044,0.106166936457157,0.194077551364899,0.0735693946480751,-0.322713255882263,1.05538403987885,0.445720016956329,-0.184837758541107,-0.0490065515041351,-0.0136459330096841,-0.0331349335610867,0.34343945980072,0.47245454788208,0.469289124011993,0.0379883497953415,0.324760496616364,0.154463082551956,-0.0480237454175949,0.394621580839157,0.0689734444022179,0.0421519987285137,0.0339897200465202,0.272642314434052,0.0073649468831718,-0.132340848445892,-0.306805163621902,-0.325053930282593,-0.0791022479534149,-0.0130407400429249,-0.0612837113440037,-0.0114283235743642,0.00518973637372255,0.0892680138349533,0.0546188428997993,0.761908769607544,0.64894050359726,0.161499187350273,-0.016594972461462,0.927999436855316,0.927999436855316,0.172346547245979,0.249750033020973,0.127288550138474,0.388210415840149,0.306793332099915,0.192611619830132,0.109179452061653,-0.0234283618628979,0.0442888326942921,0.239177092909813,0.217904642224312,0.187791243195534,0.213205561041832,0.110992155969143,0.0769726410508156,0.0832426473498344,0.153207063674927,0.172128558158875,0.0223239436745644,0.0260562151670456,-0.141435816884041,-0.178623706102371,0.415891706943512,0.105328753590584,0.214207768440247,0.137728840112686,0.265093207359314,0.262558162212372,0.146059021353722,0.610889852046967,0.520232856273651,0.654920697212219,-0.0374214015901089,0.472597897052765,0.563886404037476,0.674120187759399,0.682244837284088,0.6267991065979,0.550186455249786,0.692197382450104,0.456375658512115,0.556091010570526,0.547157049179077,0.621073722839355,0.00913346465677023,0.185503199696541,0.185503199696541,0.0536705031991005,0.0536705031991005,-0.106802865862846,-0.128107830882072,-0.122274927794933,-0.128107830882072,-0.0873142555356026,-0.0522090867161751,-0.0453952476382256,-0.0318467319011688,-0.0218895711004734,0.0111198304221034,0.0174136608839035,0.337781488895416,0.605120718479156,0.636741280555725,0.621073722839355,0.718256771564484,0.894853472709656,0.410359680652618,0.383019477128983,0.124022923409939,0.387208342552185,0.108321510255337,0.113860383629799,0.310855031013489,0.140973016619682,-0.147808194160461,-0.00106668449006975,-0.0214618369936943,0.00497445836663246,-0.0137518160045147,-0.0457731932401657,-0.0850367993116379,-0.0850367993116379,-0.00714693963527679,0.119060233235359,0.0524686202406883,0.102954730391502,0.0674356296658516,0.102954730391502,0.0779140219092369,-0.0031439084559679,-0.227801784873009,-0.290875315666199,-0.331151217222214,-0.297956138849258,-0.195886969566345,-0.195886969566345,-0.0415982976555824,0.00853501353412867,0.166764244437218,0.166764244437218,0.23043991625309,-0.23812897503376,-0.23812897503376,-0.194661155343056,-0.247992008924484,-0.240743398666382,-0.574005722999573,-0.634582340717316,-0.574005722999573,-0.311670660972595,0.106954999268055,0.0835103914141655,0.00826181191951036,0.0913150161504745,0.124943718314171,0.0913150161504745,0.293478429317474,0.300613254308701,0.162902817130089,0.143255040049553,0.216580301523209,0.356594413518906,0.10515334457159,0.207053899765015,0.320049583911896,0.155043035745621,0.651753485202789,0.556001007556915,0.190638110041618,0.155043035745621,-0.0369843542575836,-0.0768386200070381,-0.0712091103196144,-0.0431170016527176,0.139551550149918,-0.0365574657917023,-0.0312295109033585,-0.0517029985785484,0.00628663599491119,-0.0773030295968056,0.0335087291896343,0.019832881167531,-0.0199525076895952,0.116017237305641,0.0719023123383522,0.0894905552268028,0.0894523188471794,-0.0809790268540382,0.0243207570165396,0.048319298774004,0.230743274092674,0.297450661659241,0.303720235824585,0.0892680138349533,0.0765602216124535,0.552890837192535,0.552890837192535,0.443567752838135,0.499190419912338,0.108882948756218,0.108882948756218,0.148676455020905,0.334307223558426,0.242901384830475,0.167950689792633,0.242901384830475,0.267986238002777,0.201280146837234,-0.0481166914105415,-0.0332195609807968,-0.0295006409287453,0.0349014885723591,0.0532913953065872,0.156339064240456,-0.0902041345834732,-0.0193989630788565,-0.279549300670624,-0.307315766811371,-0.305691838264465,-0.289641201496124,-0.24272483587265,-0.117316268384457,0.0268762335181236,-0.106813803315163,-0.103852890431881,-0.105737842619419,0.50797837972641,-0.0798347517848015,0.431066662073135,0.231805518269539,0.0808964148163795,-0.408041954040527,-0.315920293331146,-0.56083744764328,0.133930757641792,-0.0850144475698471,-0.119150929152966,-0.0830609351396561,-0.150178179144859,-0.406786203384399,-0.391741931438446,0.058567713946104,0.0453307703137398,0.641749560832977,0.130714625120163,0.0994431227445602,-0.194583177566528,-0.0847834348678589,0.00700352573767304,0.786997973918915,0.379263550043106,0.0140293017029762,0.0212859828025103,0.672127425670624,0.0131316222250462,-0.150543585419655,-0.266402572393417,0.352884531021118,0.519095897674561,0.204456731677055,1.30382537841797,-0.0895846486091614,0.510432958602905,0.364840656518936,1.17643058300018,-0.0944951996207237,-0.041190255433321,0.114020064473152,-0.538415253162384,-0.230583190917969,-0.21313202381134,-0.198855757713318,-0.141353443264961,0.0179453436285257,0.21625754237175,0.0767028331756592,0.0239467639476061,1.7021998167038,1.47931897640228,0.101257756352425,0.589020729064941,-0.391426473855972,-0.125127524137497,-0.185742691159248,-0.168553471565247,0.156904086470604,0.0993418097496033,0.638978183269501,0.428098112344742,0.563455045223236,0.00767549825832248,-0.313094675540924,-0.00536434771493077,-0.237412169575691,-0.453488945960999,0.346470266580582,0.432024389505386,0.47123783826828,-0.0101096006110311,-0.00699153961613774,0.406959474086761,-0.0531445853412151,0.0178875774145126,0.0167227499186993,0.372000694274902,0.472382009029388,0.510402917861938,0.0712231174111366,-0.0849947035312653,0.0285806022584438,-0.188186556100845,-0.0641414374113083,-0.0696114599704742,-0.456267058849335,-0.0622055716812611,-0.248848125338554,-0.11115774512291,-0.321528315544128,-0.177973866462708,-0.123632870614529,0.361514866352081,0.222314730286598,0.0269925482571125,-0.147089168429375,0.218680500984192,0.798743009567261,0.174467816948891,0.370895475149155,0.506776511669159,-0.0126289185136557,-0.202048122882843,-0.434169262647629,0.92466139793396,0.269800931215286,0.171725288033485,0.133066311478615,0.293723851442337,0.0415273793041706,0.13710729777813,-0.119879558682442,0.136355474591255,-0.314236015081406,-0.161112710833549,-0.0808446258306503,-0.207248449325562,-0.00224745576269925,0.209004774689674,0.33689096570015,0.030609367415309,0.0571397766470909,0.214992076158524,0.209170281887054,0.717422783374786,0.763322949409485,0.111150398850441,0.369010269641876,0.270520031452179,0.229533776640892,0.208160817623138,0.333382993936539,-0.187389701604843,-0.0582611337304115,0.0429017804563046,-0.129554137587547,0.0785536915063858,-0.207200154662132,0.0140200555324554,-0.0706351026892662,-0.203417390584946,-0.127080410718918,0.162018105387688,-0.351336091756821,0.464437931776047,0.172517731785774,0.142837420105934,0.814670205116272,0.669434249401093,0.0932021737098694,-0.141574561595917,-0.226934283971786,0.484360367059708,0.306731164455414,0.0455272383987904,0.0446597151458263,0.108771152794361,0.871234536170959,0.254985004663467,-0.288497686386108,-0.322685480117798,-0.27159783244133,-0.282708406448364,-0.168465107679367,1.06664133071899,0.192538231611252,0.305629521608353,0.375966131687164,1.24579584598541,1.11369585990906,0.186649963259697,-0.266594469547272,-0.119436465203762,-0.0893114134669304,0.262319624423981,-0.559065461158752,-0.52580189704895,-0.338354378938675,-0.287413090467453,-0.272380024194717,-0.22143192589283,0.0184865854680538,-0.178907230496407,-0.178907230496407,-0.217243641614914,-0.368358999490738,-0.304041534662247,-0.16955241560936,-0.411221951246262,-0.183301076292992,-0.303311109542847,-0.366086632013321,0.559393227100372,0.00525130983442068,-0.368934094905853,0.422221034765244,0.160757899284363,0.0848018527030945,0.0250726565718651,-0.0871305540204048,0.110656268894672,0.710432350635529,0.377296596765518,0.0360275208950043,0.0428640879690647,0.0482820458710194,-0.236886501312256,0.0973417386412621,-0.164045289158821,-0.172785684466362,-0.134855642914772,-0.0888619720935822,1.68122637271881,1.83359527587891,-0.0755276307463646,-0.129488155245781,0.67097020149231,-0.292913377285004,-0.02215176820755,-0.235771343111992,0.0341200083494186,0.0668961629271507,0.106751717627048,-0.280271172523499,-0.168897926807404,-0.139984861016273,-0.199875697493553,0.040185060352087,-0.258748561143875,0.397557944059372,0.293972939252853,0.206146106123924,-0.253607004880905,-0.24278399348259,0.0330419912934303,0.0372413322329521,0.247041791677475,0.49243038892746,0.416314840316772,0.147730067372322,0.360804527997971,0.137306794524193,0.703809559345245,-0.0243512559682131,-0.0598094649612904,-0.0829510316252708,-0.0604261979460716,-0.0400941036641598,-0.0331499576568604,-0.130911961197853,-0.278846889734268,0.0148285925388336,-0.226610958576202,-0.138081088662148,-0.226807504892349,-0.26247563958168,0.50797837972641,0.47123783826828,-0.0658470019698143,-0.0531445853412151,-0.0482509024441242,-0.0572064071893692,-0.0572064071893692,-0.0572064071893692,0.407464861869812,0.108425468206406,-0.00604681158438325,-0.0641414374113083,0.000807948992587626,-0.0622055716812611,0.363975912332535,0.343206107616425,0.427458465099335,0.298393130302429,0.330862611532211,0.316132843494415,0.231805518269539,0.231805518269539,0.0994276776909828,0.0994276776909828,0.370895475149155,0.511451900005341,-0.0126289185136557,0.0380007587373257,-0.278232961893082,-0.395682066679001,-0.473126828670502,-0.671787321567535,-0.671787321567535,0.213842526078224,0.213842526078224,0.133930757641792,0.293723851442337,0.293723851442337,0.243623271584511,0.243623271584511,0.243623271584511,0.163679346442223,0.0430797934532166,0.13710729777813,0.173225894570351,-0.448288470506668,-0.137347087264061,-0.0808446258306503,-0.0437493808567524,-0.0437493808567524,0.209004774689674,0.321743190288544,0.321743190288544,0.030609367415309,-0.357766926288605,-0.197962567210197,-0.254872977733612,0.200477123260498,0.763322949409485,0.403935641050339,-0.488867938518524,-0.488867938518524,-0.942934930324554,-0.703632414340973,-0.257034748792648,-0.146478340029716,-0.0582611337304115,-0.0582611337304115,0.0429017804563046,0.0429017804563046,-0.0830609351396561,-0.146023154258728,-0.513028383255005,-0.265328019857407,-0.0893564224243164,-0.150178179144859,-0.330188065767288,0.388204872608185,-0.107820503413677,-0.233094707131386,-0.247042953968048,-0.321868240833282,-0.286200016736984,-0.286200016736984,-0.402075171470642,0.058567713946104,0.172517731785774,0.0396197140216827,0.158965200185776,0.203273683786392,0.158965200185776,0.0342135690152645,-0.022141870111227,0.472589164972305,0.692712962627411,0.641749560832977,0.0494206957519054,0.297126770019531,0.0994431227445602,0.0994431227445602,0.0994431227445602,0.13153649866581,-0.129184514284134,-0.114718213677406,-0.0811260566115379,-0.0387109406292439,0.00700352573767304,0.603199601173401,0.449092537164688,0.525278747081757,0.415732592344284,0.415732592344284,0.415732592344284,0.0482690297067165,0.0446597151458263,0.0482690297067165,0.0662905350327492,0.108771152794361,0.0700234845280647,-0.355275988578796,-0.296451508998871,0.648749470710754,0.648749470710754,0.718993663787842,0.871234536170959,0.777740716934204,0.19124048948288,-0.150543585419655,-0.304419994354248,-0.27159783244133,-0.282708406448364,-0.228548660874367,0.352884531021118,0.195141792297363,0.108254306018353,0.0714571923017502,1.17649459838867,1.14155030250549,1.30382537841797,0.345675081014633,1.33000361919403,1.33000361919403,1.33000361919403,1.38389897346497,1.30196487903595,0.506635725498199,-0.266594469547272,-0.232873007655144,-0.188186556100845,-0.0893114134669304,-0.0893114134669304,-0.063030369579792,0.262319624423981,0.139425069093704,-0.559065461158752,-0.40328648686409,-0.405798196792603,-0.322310298681259,-0.270506411790848,-0.226838558912277,-0.259415090084076,-0.226838558912277,-0.0111935650929809,-0.132598266005516,0.0184865854680538,-0.21313202381134,-0.264330089092255,-0.237097948789597,-0.212845101952553,-0.186781421303749,-0.200625702738762,-0.164822354912758,-0.123632870614529,-0.203443557024002,-0.22727569937706,-0.307241261005402,-0.327261567115784,0.107667729258537,0.403768420219421,-0.124079912900925,-0.118416272103786,-0.142452701926231,0.327855855226517,0.076348602771759,0.174467816948891,0.0739937499165535,0.0483559183776379,0.0270964838564396,-0.100423045456409,-0.0871305540204048,-0.0948458164930344,0.125507280230522,0.814670205116272,0.814670205116272,0.72042328119278,0.377296596765518,0.179969295859337,0.244546592235565,0.125507280230522,0.125507280230522,-0.00978979468345642,0.0348705314099789,-0.121024563908577,-0.541240096092224,-0.172943517565727,-0.109747059643269,-0.153197333216667,-0.165452510118484,-0.179623812437057,1.44160962104797,1.59322535991669,1.68549191951752,0.786997973918915,1.09884691238403,1.09233903884888,1.47931897640228,0.00468528922647238,0.518955290317535,0.556348919868469,0.556348919868469,0.667439997196198,0.67097020149231,-0.292913377285004,-0.211309656500816,-0.211309656500816,0.0875847414135933,0.0875847414135933,0.0961629897356033,0.120286576449871,-0.322685480117798,-0.280271172523499,-0.240193992853165,-0.15008732676506,-0.166848540306091,-0.168897926807404,-0.178131937980652,-0.167392387986183,-0.199875697493553,-0.0545067600905895,-0.0545067600905895,0.293972939252853,0.206146106123924,0.189596056938171,0.345636367797852,0.0550212748348713,0.241589471697807,0.524119853973389,-0.140920519828796,-0.0849205404520035,-0.15465921163559,-0.270716071128845,-0.246945217251778,0.653662383556366,0.548659443855286,0.181695535778999,0.0963546186685562,0.156904086470604,0.832075595855713,0.809869766235352,1.18813359737396,-0.0751653164625168,-0.0398486852645874,0.124769270420074,0.139765530824661,0.177042946219444,0.518787264823914,0.443177342414856,0.656158983707428,0.794658899307251,0.199705183506012,0.198469057679176,0.170430019497871,0.179416254162788,0.225487381219864,0.379424959421158,0.392827808856964,0.270119041204453,0.276314705610275,0.192538231611252,0.292440623044968,0.431145042181015,0.563455045223236,0.695952594280243,-0.000776160741224885,-0.000776160741224885,0.00767549825832248,-0.0598094649612904,0.00767549825832248,0.033650990575552,-0.0973837971687317,-0.0824206545948982,-0.0973837971687317,-0.119436465203762,-0.114462584257126,-0.114462584257126,-0.0604261979460716,-0.313094675540924,-0.0392330884933472,-0.152038410305977,-0.0400941036641598,-0.0331499576568604,-0.0331499576568604,-0.342288970947266,-0.130911961197853,-0.234554067254066,-0.147305101156235,-0.268026232719421,-0.223160803318024,-0.262039422988892,-0.226610958576202,-0.230583190917969,-0.251848161220551,-0.138081088662148,0.0471139326691628,0.178312927484512,0.383571654558182,-0.237412169575691,0.052385438233614,-0.219155251979828,-0.326329410076141,-0.247825920581818,-0.472187399864197,-0.472187399864197,0.346470266580582,0.204981625080109,0.204981625080109,0.204981625080109,0.346470266580582,0.0529749989509583,0.298929959535599,0.0872596204280853,-0.0387961454689503,0.454380512237549,0.400924474000931,0.0178875774145126,0.0246843807399273,0.0178875774145126,0.0167227499186993,0.0140293017029762,0.0140293017029762,0.219976678490639,0.361684501171112,0.52719384431839,0.0131316222250462,0.0131316222250462,-0.0849947035312653,0.352884531021118,-0.211727783083916,-0.121386647224426,-0.0503985621035099,-0.041190255433321,-0.0503985621035099,-0.063030369579792,-0.507842659950256,-0.405798196792603,-0.39507457613945,-0.193785399198532,-0.0622055716812611,-0.11115774512291,-0.226838558912277,-0.21313202381134,-0.294719576835632,-0.247568309307098,-0.20088317990303,-0.140808030962944,-0.0805711895227432,0.361514866352081,0.421916306018829,0.455433577299118,0.298393130302429,0.0384893603622913,0.118102245032787,0.327855855226517,0.224146172404289,0.076348602771759,0.076348602771759,0.244546592235565,0.21625754237175,0.326517224311829,-0.0126289185136557,-0.00978979468345642,-0.211904942989349,-0.253158003091812,-0.562925815582275,-0.192439019680023,0.573792934417725,0.701659917831421,0.355107814073563,0.218295276165009,0.171725288033485,0.101257756352425,0.160083159804344,0.518955290317535,0.460645586252213,0.460645586252213,0.460645586252213,0.205722287297249,0.0415273793041706,0.0393258705735207,0.0242992825806141,0.0811858624219894,0.0811858624219894,0.0696622431278229,-0.0535846501588821,0.120286576449871,0.136355474591255,0.14475017786026,0.14475017786026,-0.314236015081406,-0.21831014752388,-0.190772444009781,-0.190772444009781,0.0421402230858803,0.131711274385452,0.0938059538602829,0.031292624771595,0.425427377223969,-0.203687861561775,-0.203540548682213,-0.216040521860123,0.230501100420952,0.251629382371902,0.78775292634964,0.848758101463318,-0.0204692017287016,-0.090755008161068,0.0758743435144424,0.134995400905609,0.131404235959053,0.160118952393532,0.181977763772011,0.282865464687347,0.280296444892883,0.415435671806335,0.49700403213501,0.35244819521904,0.379499435424805,0.229533776640892,0.137332201004028,0.292440623044968,0.431145042181015,0.0160159021615982,0.0160159021615982,0.0671109259128571,-0.124604873359203,-0.124604873359203,0.0785536915063858,0.114020064473152,-0.348026067018509,-0.348026067018509,-0.1605244576931,-0.072246178984642,-0.0435784198343754,0.135872840881348,-0.0849930420517921,0.133303269743919,-0.0706351026892662,0.22054848074913,-0.336683988571167,-0.316687077283859,-0.247431844472885,0.27158197760582,0.350865185260773,-0.281737893819809,-0.196382373571396,0.181426420807838,0.313055902719498,0.367879450321198,0.404702574014664,0.255564302206039,0.293495267629623,0.246391594409943,-0.0682231038808823,0.678510665893555,0.781500399112701,0.566820442676544,0.74287486076355,0.452246010303497,0.671479165554047,0.206793546676636,-0.000501955742947757,0.0808964148163795,-0.119095951318741,-0.10264179110527,-0.146933853626251,-0.288882434368134,-0.453972816467285,-0.221718043088913,0.713234961032867,0.466418504714966,0.525278747081757,0.484360367059708,0.484360367059708,0.355107814073563,0.306731164455414,0.0334762968122959,0.0662905350327492,0.133930757641792,-0.249176412820816,0.991343855857849,0.991343855857849,0.192249208688736,0.193659648299217,0.30296266078949,0.30296266078949,-0.424375802278519,-0.383496165275574,-0.400923490524292,-0.304419994354248,-0.266402572393417,-0.298109352588654,-0.298109352588654,-0.260188668966293,-0.228360086679459,-0.183318555355072,-0.0850144475698471,0.150825351476669,0.425427377223969,0.26823502779007,0.506849765777588,1.06664133071899,1.16629731655121,-0.0603730753064156,0.403218656778336,0.276314705610275,0.292074292898178,0.305629521608353,0.266885459423065,0.214342549443245,1.24579584598541,1.1289644241333,0.867699027061462,0.39139124751091,0.39139124751091,0.39139124751091,0.506635725498199,-0.237605214118958,-0.0830609351396561,-0.237605214118958,-0.232873007655144,-0.146023154258728,-0.119436465203762,-0.0960605815052986,-0.0696114599704742,0.0785536915063858,-0.406786203384399,-0.484206914901733,-0.380045413970947,-0.322310298681259,-0.338354378938675,-0.301990628242493,-0.301990628242493,-0.265032261610031,-0.272380024194717,-0.259415090084076,-0.22143192589283,-0.0111935650929809,-0.0111935650929809,-0.178907230496407,-0.178907230496407,-0.368358999490738,-0.337534159421921,-0.269648760557175,-0.27744448184967,-0.269648760557175,-0.334012627601624,-0.221019834280014,-0.284208625555038,-0.2503622174263,-0.144147872924805,-0.183301076292992,-0.252266973257065,0.631729900836945,0.559393227100372,0.0269925482571125,0.00525130983442068,0.00525130983442068,-0.00657821865752339,-0.435903400182724,-0.296649396419525,-0.202058464288712,0.0922266095876694,0.163699313998222,0.31870025396347,0.422221034765244,-0.108587324619293,-0.118416272103786,0.0179453436285257,0.174467816948891,0.0848018527030945,0.0848018527030945,0.031292624771595,0.0483559183776379,0.0250726565718651,-0.100423045456409,-0.00566365756094456,0.0101317819207907,0.0101317819207907,-0.202082246541977,0.511451900005341,0.710432350635529,-0.0143197365105152,0.0428640879690647,0.00520390225574374,0.00520390225574374,-0.564014732837677,-0.55478435754776,-0.534634292125702,-0.480697184801102,-0.049291905015707,0.00447515910491347,0.0405691415071487,-0.17264586687088,-0.0183193981647491,-0.0779942572116852,-0.12766121327877,0.00474635325372219,0.00474635325372219,0.184416189789772,0.215856567025185,-0.405921161174774,-0.408166944980621,-0.541370213031769,-0.245638802647591,-0.285815864801407,-0.0838309228420258,-0.164045289158821,-0.108557254076004,-0.108557254076004,-0.164385870099068,-0.56083744764328,-0.424375802278519,-0.288497686386108,-0.183785632252693,-0.150543585419655,1.59322535991669,1.48413622379303,1.67169427871704,-0.216861292719841,0.0640162080526352,-0.216861292719841,-0.0623980574309826,0.58795839548111,0.680208444595337,0.777740716934204,-0.0148149030283093,-0.205698817968369,-0.391426473855972,-0.261754274368286,-0.217547103762627,-0.163226589560509,-0.205084577202797,-0.0840164422988892,-0.154886782169342,-0.02215176820755,0.0668961629271507,0.106751717627048,-0.383496165275574,-0.303036034107208,-0.166526168584824,-0.198273569345474,-0.174866482615471,-0.166526168584824,-0.153631821274757,-0.175703763961792,-0.23973748087883,-0.23973748087883,-0.0495202764868736,0.00239905598573387,-0.11791966855526,-0.307285696268082,-0.0977241992950439,-0.258748561143875,0.38482129573822,0.293882608413696,0.293972939252853,0.189596056938171,-0.0387738794088364,0.316318243741989,0.558978259563446,0.519369840621948,0.362813204526901,-0.30616495013237,-0.274528443813324,-0.225506022572517,0.0398294068872929,0.0815816521644592,0.0264873914420605,0.0683738589286804,0.495593816041946,0.560224652290344,0.641103148460388,0.754445135593414,1.01265406608582,0.848758101463318,0.229737192392349,0.353818356990814,0.389250874519348,0.478741347789764,0.610712289810181,0.470861166715622,0.470861166715622,0.208761245012283,0.243423476815224,0.480950564146042,0.464437931776047,0.406959474086761,0.400924474000931,0.379263550043106,0.344277262687683,0.379263550043106,0.149115070700645,0.102617733180523,0.51498681306839,0.512055099010468,0.819396555423737,0.680505573749542,0.0220831464976072,-0.0243512559682131,-0.0598094649612904,-0.0798347517848015,-0.0101096006110311,0.033650990575552,0.0767028331756592,-0.0801370814442635,-0.0824206545948982,-0.0801370814442635,-0.0944951996207237,-0.131614670157433,-0.118952676653862,0.0120386071503162,0.0120386071503162,-0.0604261979460716,-0.0604261979460716,-0.154190704226494,-0.152038410305977,-0.0674471110105515,-0.0234983507543802,-0.0232339445501566,-0.0232339445501566,0.0140200555324554,-0.395736873149872,-0.406786203384399,0.0148285925388336,-0.10000055283308,-0.151399597525597,-0.140465706586838,-0.226610958576202,-0.278336882591248,-0.251848161220551,-0.000512159604113549,-0.100134812295437,-0.128923207521439,-0.148528471589088,0.0131679996848106,-0.145613774657249,-0.208464980125427,-0.191966205835342,-0.236859455704689,-0.289527148008347,-0.309706836938858,-0.347622871398926,0.248385637998581,0.0454449579119682,-0.342280000448227
-0.27748116850853,0.213783904910088,0.0699813514947891,-0.186491474509239,0.240729779005051,-0.114509172737598,-0.27346658706665,0.292431235313416,0.661243855953217,0.454094052314758,0.0963131487369537,-0.289841711521149,-0.240333646535873,-0.229691594839096,-0.170750051736832,0.444540590047836,0.228260025382042,-0.0329482965171337,-0.313630104064941,-0.211673632264137,0.254710525274277,0.372805267572403,0.405689150094986,-0.190222263336182,-0.0103643694892526,-0.0276576820760965,-0.227623835206032,-0.335290491580963,-0.237005218863487,-0.170952379703522,-0.292252153158188,0.324989885091782,-0.116422794759274,-0.26069188117981,-0.274090141057968,-0.222589448094368,-0.344554245471954,-0.456119239330292,0.142778769135475,-0.209891423583031,0.229877397418022,-0.232761606574059,-0.158915579319,0.0117638753727078,0.0605454221367836,0.305454224348068,0.154421672224998,0.0377728641033173,0.27615213394165,0.0448123440146446,0.195280060172081,0.0125175612047315,-0.292905151844025,0.252099990844727,-0.431132614612579,-0.185496345162392,-0.158053696155548,-0.0623261220753193,-0.0742241069674492,-0.512469172477722,0.0132485488429666,-0.0891195312142372,-0.133408918976784,-0.180077314376831,-0.385712087154388,-0.309542208909988,-0.290067344903946,-0.127104014158249,-0.298026919364929,-0.268987864255905,-0.323833793401718,-0.283063948154449,-0.385623186826706,-0.0786564201116562,0.297071188688278,0.445584625005722,0.295880287885666,-0.101297542452812,0.0663131102919579,0.41792494058609,-0.0667708441615105,-0.150738060474396,0.0236793123185635,0.754141211509705,0.149190828204155,0.0658199638128281,0.52312445640564,0.328526586294174,-0.315907180309296,-0.234783321619034,-0.391516298055649,0.168526202440262,0.25467249751091,0.0642656311392784,0.343714147806168,-0.217501997947693,-0.104773879051208,0.0418543443083763,-0.0840472355484962,-0.113179564476013,-0.0694653615355492,0.297060161828995,0.426629066467285,-0.0275361705571413,0.308749824762344,0.26201531291008,0.316369831562042,0.12494170665741,0.0604431815445423,-0.0509278401732445,-0.131651118397713,-0.297899812459946,-0.203988328576088,-0.241041451692581,-0.3355393409729,-0.0915264710783958,-0.0521812215447426,-0.187355354428291,-0.470678597688675,-0.0452904552221298,-0.233763501048088,-0.425876140594482,-0.233445793390274,-0.252667039632797,-0.352272361516953,-0.42632657289505,0.0606613121926785,-0.244698449969292,-0.202496871352196,-0.129580602049828,-0.288188308477402,-0.355346292257309,-0.261770278215408,0.0435707345604897,-0.0768557786941528,-0.173676148056984,-0.0264321006834507,0.114723861217499,0.479433506727219,0.26896807551384,0.130355596542358,-0.267377346754074,0.162674307823181,-0.387177139520645,-0.426764339208603,-0.413365572690964,0.269375145435333,0.797496736049652,-0.210961207747459,0.0827349647879601,0.372296959161758,-0.0663117989897728,-0.0970194414258003,-0.00416427943855524,-0.057401780039072,0.213593423366547,-0.15224577486515,-0.125616535544395,-0.123910844326019,-0.648928701877594,-0.212811440229416,-0.363139301538467,-0.380945801734924,-0.222390621900558,0.0287514384835958,-0.270540177822113,-0.375154048204422,-0.138650983572006,-0.18627817928791,-0.140616595745087,-0.0714287012815475,-0.309944003820419,-0.346721619367599,0.078213132917881,-0.130771458148956,-0.026479447260499,0.303308039903641,0.278515458106995,0.25147619843483,-0.0386093780398369,-0.115967579185963,0.252569168806076,-0.283651441335678,-0.199238672852516,-0.118779830634594,-0.0888302326202393,-0.0389221049845219,-0.0577395334839821,-0.0134358601644635,0.0760032683610916,0.130497738718987,0.224287167191505,-0.300366908311844,-0.427803635597229,-0.249433130025864,-0.105725832283497,0.0299639888107777,0.279884785413742,0.14006108045578,-0.19558422267437,0.178022637963295,0.383226901292801,0.251932203769684,0.0478413812816143,-0.274420112371445,-0.100331254303455,-0.0156823117285967,0.0679946541786194,0.0194649044424295,0.311538815498352,0.176525965332985,0.344533860683441,0.24618037045002,0.263049334287643,0.270648866891861,0.0462647899985313,-0.0478963814675808,0.326084852218628,0.0302118118852377,0.218735530972481,0.103049241006374,0.207888171076775,0.259277701377869,0.0622598901391029,-0.112110733985901,-0.108057089149952,-0.170350417494774,-0.304206043481827,-0.0272457972168922,0.0903135910630226,0.163321524858475,-0.204843178391457,-0.239912152290344,-0.0948384255170822,-0.00839569885283709,-0.307797133922577,-0.00621039094403386,-0.279402822256088,-0.0363429002463818,-0.0804959908127785,0.108010083436966,-0.13184954226017,-0.418903261423111,-0.172353371977806,-0.128840297460556,-0.308912754058838,-0.375831931829453,-0.327281683683395,-0.265234261751175,-0.307450532913208,-0.0976315885782242,-0.347205966711044,-0.217892482876778,-0.285550385713577,-0.376431703567505,-0.210700958967209,-0.0196603517979383,0.335853040218353,-0.266929507255554,-0.386799871921539,-0.283063948154449,-0.183509096503258,0.246768414974213,0.297071188688278,0.283259660005569,0.188233911991119,-0.0270344112068415,0.0667711347341537,0.0663131102919579,0.101555004715919,0.0699813514947891,0.0161541011184454,-0.0667708441615105,-0.0928130075335503,-0.0928130075335503,0.0320162288844585,0.281301438808441,0.165512308478355,0.165512308478355,-0.144985362887383,-0.125717103481293,-0.251076906919479,-0.250098884105682,-0.315907180309296,-0.416931748390198,0.167717978358269,-0.608845233917236,-0.618934512138367,0.426019430160522,0.399776339530945,0.35857355594635,0.373062640428543,-0.048631127923727,-0.111421905457973,0.398967862129211,0.420092880725861,0.594384074211121,0.636256635189056,0.445617914199829,0.435781002044678,0.454499989748001,0.0333289764821529,0.0482660569250584,0.184324353933334,0.208763599395752,-0.215275377035141,-0.204470455646515,-0.215275377035141,-0.344267845153809,-0.289841711521149,-0.242248505353928,-0.260109812021255,-0.42264786362648,-0.42264786362648,-0.39237105846405,-0.261985868215561,-0.543067395687103,-0.0494214110076427,-0.100839383900166,-0.443660020828247,-0.425876140594482,-0.396828562021255,-0.396828562021255,-0.3479945063591,-0.408563494682312,-0.228593617677689,-0.5259929895401,-0.421573340892792,-0.495947599411011,-0.124342694878578,-0.166275426745415,-0.0663943663239479,-0.0379607677459717,-0.0379607677459717,0.00982357002794743,0.0438042916357517,0.0538671165704727,0.160726130008698,-0.486394852399826,-0.537955164909363,0.0396845936775208,-0.136215925216675,-0.261191219091415,-0.313630104064941,-0.387177139520645,-0.385623186826706,0.32712534070015,0.223082780838013,0.223082780838013,-0.27934917807579,0.0789614021778107,-0.0723436698317528,0.151249751448631,0.151249751448631,0.328282386064529,0.302035480737686,0.298111736774445,0.0620819218456745,-0.0207246094942093,0.0638693049550056,0.302547752857208,-0.188208058476448,-0.032751489430666,-0.101297542452812,-0.0665626525878906,-0.108185201883316,-0.0665626525878906,-0.048967469483614,-0.00618393300101161,0.018750561401248,-0.301030516624451,-0.00618393300101161,-0.271635770797729,-0.206224739551544,-0.15388186275959,0.0418905653059483,-0.0534746237099171,-0.188818424940109,-0.188818424940109,-0.161826327443123,-0.112611591815948,-0.178062915802002,-0.264110594987869,-0.25143951177597,-0.153406918048859,-0.188764289021492,-0.107545018196106,-0.211514547467232,-0.237352311611176,-0.309944003820419,-0.291546642780304,-0.0710884034633636,0.0632843822240829,0.0632843822240829,-0.212206721305847,-0.0463062711060047,0.0178002640604973,0.579371452331543,0.501989006996155,0.0698938518762589,0.0698938518762589,0.20067486166954,0.419762641191483,0.511776506900787,-0.0157671589404345,0.400199830532074,0.222913563251495,0.188966318964958,0.151155233383179,-0.182165667414665,-0.140298679471016,-0.210784822702408,-0.136239409446716,-0.0587346404790878,0.0760032683610916,0.0760032683610916,-0.243801116943359,-0.300366908311844,-0.3669114112854,-0.299791425466537,-0.234783321619034,-0.225068151950836,-0.195451363921165,-0.11779049038887,-0.319316625595093,0.109632804989815,0.142778769135475,0.25467249751091,0.211039796471596,0.22314777970314,0.14006108045578,-0.167050138115883,-0.382780134677887,0.0798108726739883,0.0798108726739883,0.163924619555473,0.0741066783666611,0.11172342300415,0.240170523524284,-0.291565835475922,-0.298046588897705,-0.158915579319,-0.274420112371445,-0.0793123915791512,0.048148762434721,-0.0406687594950199,-0.0114288404583931,0.0333342961966991,0.157075762748718,0.226416811347008,0.311846405267715,0.304232865571976,0.31813183426857,0.297556698322296,0.281461387872696,0.192238673567772,0.193630442023277,0.113199591636658,0.113199591636658,0.124100729823112,0.316754788160324,-0.00155226676724851,-0.00633358070626855,0.0096875848248601,0.00227666995488107,0.13976289331913,0.156220883131027,0.407038688659668,0.409376859664917,0.153209686279297,0.0934384614229202,0.0912703648209572,0.0202220268547535,-0.0696892142295837,-0.0114703718572855,-0.0114703718572855,0.107757218182087,0.205747127532959,0.205747127532959,0.200935214757919,-0.131651118397713,0.0124969268217683,-0.0679465234279633,-0.154968455433846,-0.0796213671565056,-0.145014747977257,-0.241041451692581,-0.219721555709839,-0.286110192537308,-0.235129967331886,-0.29821851849556,-0.321594774723053,-0.347358226776123,0.226069375872612,-0.203260600566864,-0.189731940627098,-0.297730624675751,0.00541734229773283,-0.0272171273827553,0.150752812623978,-0.0598800666630268,-0.0521812215447426,-0.123808495700359,-0.123808495700359,-0.123808495700359,-0.239912152290344,-0.0948384255170822,-0.346769005060196,-0.277233421802521,-0.307797133922577,-0.431132614612579,-0.300686895847321,-0.119912445545197,-0.185496345162392,-0.167063400149345,-0.425847560167313,-0.372405052185059,-0.372405052185059,-0.0363429002463818,-0.0858230665326118,-0.17132231593132,-0.0904968455433846,-0.0336169227957726,0.0244259722530842,0.0851638615131378,-0.204667389392853,-0.128943517804146,-0.479718297719955,-0.490946501493454,-0.512469172477722,0.00039216224104166,-0.0482691004872322,-0.19661557674408,-0.115935228765011,-0.203852444887161,-0.0602863058447838,-0.0602863058447838,-0.335290491580963,-0.335290491580963,-0.237005218863487,-0.35942143201828,-0.301593810319901,-0.271958231925964,-0.271958231925964,-0.308912754058838,-0.375831931829453,-0.265234261751175,-0.251660794019699,-0.174333184957504,-0.221027091145515,-0.199417531490326,-0.205983594059944,-0.203740522265434,-0.113720834255219,-0.0838222727179527,-0.278498619794846,-0.237342372536659,-0.237342372536659,-0.288188308477402,-0.288188308477402,-0.202573880553246,-0.202573880553246,-0.288125425577164,-0.182570621371269,-0.182570621371269,-0.261770278215408,-0.290067344903946,0.0236638709902763,-0.0240703001618385,-0.127104014158249,-0.199363574385643,-0.250586032867432,-0.347205966711044,-0.266085088253021,-0.373873353004456,-0.195046067237854,-0.195046067237854,-0.206082209944725,-0.203364104032516,-0.245459377765656,-0.00149800744839013,-0.248427987098694,-0.263428509235382,-0.321721017360687,-0.0517725050449371,-0.127411544322968,-0.127411544322968,-0.150873899459839,-0.233351200819016,-0.663846850395203,-0.154945388436317,-0.238312318921089,-0.266446769237518,-0.268987864255905,-0.195666372776031,-0.260753273963928,-0.357265532016754,-0.321459800004959,-0.321459800004959,-0.321459800004959,-0.329215228557587,-0.183509096503258,0.395249605178833,0.367020577192307,0.718037068843842,0.718037068843842,0.00147775618825108,0.372805267572403,-0.188208058476448,-0.107524998486042,-0.00857289880514145,0.0417872294783592,0.0503397360444069,0.0503397360444069,0.0161541011184454,-0.0276576820760965,-0.0572059527039528,-0.0572059527039528,-0.176677912473679,0.00120536668691784,-0.170952379703522,0.528650224208832,0.136031985282898,-0.198522016406059,0.0861542671918869,0.579669773578644,0.59788316488266,-0.00622373959049582,-0.0333526730537415,0.111805997788906,-0.131713137030602,-0.131713137030602,-0.26069188117981,-0.231536656618118,-0.211673632264137,-0.211673632264137,-0.315907180309296,-0.350010752677917,-0.384908139705658,-0.418304204940796,-0.37586909532547,-0.0112521331757307,0.00175778928678483,0.216536566615105,0.216536566615105,0.167717978358269,0.167717978358269,0.142778769135475,-0.275183469057083,-0.449624359607697,-0.462754756212234,0.336305558681488,0.25768855214119,0.206436842679977,0.35857355594635,0.155285909771919,-0.106744341552258,-0.173888176679611,-0.212411791086197,0.239191085100174,0.239191085100174,0.286864697933197,0.140711635351181,-0.071796678006649,-0.071796678006649,-0.071796678006649,0.0117638753727078,0.276385962963104,-0.285438597202301,0.0192386880517006,-0.0964100733399391,-0.120336025953293,0.366562485694885,0.353515326976776,-0.130335941910744,-0.080550916492939,0.068267397582531,0.198755532503128,0.308749824762344,0.387407630681992,0.308968663215637,0.26201531291008,0.178004592657089,0.158834800124168,0.158834800124168,0.0211679674685001,0.0727674290537834,0.0604431815445423,0.151590913534164,0.272923499345779,0.161903023719788,0.0121825039386749,-0.264986515045166,-0.172692432999611,-0.214190915226936,-0.207749605178833,-0.261273354291916,-0.294452756643295,-0.359616070985794,-0.399336189031601,-0.189731940627098,-0.00857443641871214,-0.00857443641871214,-0.00857443641871214,-0.297267913818359,-0.297267913818359,-0.486229628324509,-0.568739771842957,-0.195294380187988,-0.296871185302734,-0.261843532323837,-0.17597770690918,-0.567365527153015,-0.233763501048088,-0.233763501048088,-0.14199435710907,-0.187102317810059,-0.233445793390274,-0.292943120002747,-0.292943120002747,-0.287827014923096,-0.372572362422943,-0.433486521244049,-0.457239866256714,0.151164323091507,-0.00778847094625235,0.0988712385296822,-0.0981207117438316,-0.214840427041054,-0.237005218863487,-0.0645882189273834,-0.129580602049828,-0.0513959340751171,-0.0513959340751171,-0.116406053304672,-0.432219833135605,-0.258927971124649,-0.432219833135605,-0.388207972049713,-0.355346292257309,-0.210574790835381,-0.283767849206924,-0.283767849206924,-0.150271281599998,-0.245459377765656,-0.150271281599998,0.0370307862758636,-0.554468035697937,-0.585095047950745,-0.704928457736969,-0.41526585817337,0.330610424280167,0.114723861217499,0.485063225030899,0.407817423343658,0.519500434398651,-0.236514285206795,0.192245066165924,-0.0134349912405014,-0.0134110786020756,-0.128434717655182,-0.387177139520645,-0.387177139520645,-0.426764339208603,-0.406420141458511,-0.414373159408569,0.283409982919693,0.285521298646927,0.254710525274277,0.241739496588707,0.144562929868698,-0.487512052059174,0.342073112726212,0.462517321109772,0.529993414878845,0.445584625005722,0.443768382072449,-0.257602393627167,0.0418543443083763,0.0827349647879601,0.322483241558075,0.499356597661972,0.449147403240204,0.382019191980362,0.303659409284592,0.303659409284592,-0.0694748982787132,0.00778549443930387,0.00778549443930387,0.405689150094986,0.190431371331215,0.0323057547211647,-0.100042626261711,-0.0857855081558228,-0.199052289128304,-0.178520679473877,-0.178520679473877,-0.167300716042519,-0.154976189136505,-0.176552355289459,-0.174089401960373,-0.192367821931839,-0.048967469483614,0.1125453338027,-0.63073867559433,-0.14284810423851,-0.402098566293716,-0.380945801734924,-0.305089503526688,-0.305089503526688,-0.222390621900558,-0.163989692926407,-0.357256799936295,-0.433688193559647,-0.700072109699249,-0.16231544315815,-0.216931074857712,-0.443660020828247,-0.0398488081991673,-0.0347780846059322,-0.381732314825058,-0.254688769578934,-0.165795207023621,-0.0981170311570168,-0.147544831037521,-0.132381811738014,-0.0849677920341492,-0.346721619367599,-0.130388975143433,-0.130388975143433,0.0216601118445396,-0.404556840658188,-0.0797758102416992,0.018115321174264,-0.093970462679863,0.79962170124054,0.537746250629425,0.134336665272713,0.20067486166954,0.278515458106995,0.313752889633179,0.235686272382736,0.171816900372505,0.487133741378784,0.487133741378784,0.419762641191483,0.339355260133743,0.0983899086713791,-0.0388893485069275,0.188966318964958,-0.140177071094513,-0.19502466917038,0.00952095072716475,0.340662598609924,-0.116422794759274,-0.202490657567978,-0.283651441335678,-0.314080953598022,-0.157267093658447,-0.182165667414665,-0.158826276659966,-0.0663117989897728,0.0143619021400809,0.068874217569828,0.00379737932235003,0.0222024247050285,0.0204957965761423,-0.249718517065048,-0.0505560450255871,0.116954177618027,0.0609948299825191,-0.0135948490351439,0.0847448334097862,0.0983566269278526,0.134774282574654,0.33670762181282,-0.097059391438961,-0.175170451402664,-0.381732314825058,-0.178062915802002,-0.285003930330276,-0.196268826723099,-0.243266046047211,-0.12085960060358,-0.0597093142569065,-0.00777466502040625,0.0122858099639416,0.79774272441864,0.362489432096481,0.259109854698181,0.259002536535263,-0.321866244077682,-0.321866244077682,0.0215524137020111,0.250244170427322,0.178022637963295,0.374063223600388,0.383226901292801,0.289073884487152,0.251932203769684,0.0332826375961304,0.11432296037674,0.247597113251686,0.111805997788906,-0.282114446163177,0.0478413812816143,-0.0388489626348019,-0.313630104064941,-0.268851727247238,-0.100331254303455,-0.0314987897872925,0.048148762434721,0.00747170159593225,0.0679946541786194,-0.170055106282234,-0.0463062711060047,-0.0987165719270706,0.0194649044424295,0.198946595191956,0.277843356132507,0.259438395500183,0.118645295500755,0.328526586294174,0.276702105998993,0.271135151386261,0.459155887365341,0.225725710391998,0.243789792060852,0.253095358610153,0.248441338539124,0.202314600348473,0.126386314630508,0.192238673567772,-0.0302316304296255,0.0462647899985313,-0.117104694247246,-0.162029191851616,0.0236333217471838,0.278945356607437,0.278945356607437,0.221063822507858,0.221063822507858,0.203390643000603,0.154421672224998,0.0753975436091423,0.154421672224998,0.184275195002556,0.277700841426849,0.267429947853088,0.343273520469666,0.354627549648285,0.163036912679672,0.151564195752144,0.0777953937649727,0.132193356752396,0.0440175235271454,-0.162029191851616,-0.197603613138199,-0.19558422267437,0.30343222618103,0.207888171076775,0.151590913534164,0.161903023719788,0.156665116548538,0.0622598901391029,0.111419044435024,-0.00488474080339074,-0.17868135869503,-0.108057089149952,-0.0678667351603508,-0.166074961423874,-0.170350417494774,-0.123138219118118,-0.177891135215759,-0.177891135215759,-0.258819997310638,-0.335801780223846,-0.0768557786941528,-0.205847799777985,-0.0915264710783958,-0.205847799777985,-0.170750051736832,-0.404556840658188,0.0853558108210564,0.0827349647879601,-0.0272171273827553,-0.0272457972168922,0.0589952915906906,0.0589952915906906,0.0117638753727078,0.0903135910630226,0.166638940572739,0.166638940572739,0.150752812623978,-0.204843178391457,-0.204843178391457,-0.210821643471718,-0.1218456402421,-0.0348492562770844,-0.230159401893616,-0.171620577573776,-0.230159401893616,-0.0890268236398697,-0.279906630516052,-0.215736627578735,-0.0805508196353912,-0.086675800383091,-0.0727054551243782,-0.086675800383091,0.1673464179039,0.14768286049366,-0.0934048891067505,-0.116332791745663,0.0648419409990311,0.15339383482933,-0.0968369990587234,-0.0656702294945717,-0.204776898026466,-0.221339777112007,-0.478282481431961,-0.414642155170441,-0.235248386859894,-0.221339777112007,-0.131381124258041,-0.118040159344673,-0.10212741792202,-0.0452809557318687,0.151164323091507,-0.244698449969292,-0.176944881677628,-0.171898037195206,-0.129125967621803,-0.364369481801987,-0.300931572914124,-0.279334962368011,-0.255080699920654,-0.170952379703522,-0.24470879137516,-0.244634240865707,-0.277443706989288,-0.375831931829453,-0.202496871352196,-0.179630592465401,-0.217904537916183,-0.291546642780304,-0.286794483661652,-0.00777466502040625,0.00331843597814441,-0.268750071525574,-0.268750071525574,-0.180077314376831,-0.258927971124649,-0.127560988068581,-0.127560988068581,-0.201709061861038,-0.374411076307297,-0.367743760347366,-0.373873353004456,-0.367743760347366,-0.327534884214401,-0.356397241353989,-0.238312318921089,-0.239978566765785,-0.279841005802155,-0.245459377765656,-0.00149800744839013,-0.130771458148956,-0.249710902571678,-0.387013852596283,-0.309272766113281,-0.234211593866348,-0.278947383165359,-0.224522575736046,-0.205215826630592,-0.0505378320813179,-0.00715693971142173,0.322151213884354,0.426096737384796,0.334155440330505,0.0953828096389771,0.262253880500793,0.0909466072916985,0.263147175312042,0.0183138512074947,-0.291454583406448,-0.366455107927322,-0.132946044206619,-0.229300364851952,-0.149350866675377,0.278360456228256,0.168418824672699,-0.330502241849899,-0.469740003347397,-0.225187256932259,0.174664199352264,-0.423584282398224,-0.385409504175186,-0.137552201747894,0.242181733250618,-0.755090534687042,0.0389715172350407,0.125332579016685,0.369584411382675,0.170900940895081,-0.0651090070605278,0.124349653720856,-0.0851521268486977,-0.431877672672272,-0.289728611707687,-0.243970885872841,0.102171547710896,-0.105080619454384,-0.152981758117676,-0.250845670700073,-0.148588985204697,0.0792572349309921,-0.28940749168396,0.100607149302959,0.0855442360043526,-0.145056694746017,0.0401076301932335,-0.666422426700592,-0.0206434838473797,-0.0674304068088531,-0.304785162210464,-0.0236750524491072,0.133777946233749,-0.25468984246254,-0.0289718098938465,0.0349327363073826,-0.0959274545311928,0.297768980264664,-0.0962114408612251,0.163758516311646,-0.502344906330109,-0.404835790395737,-0.00475537264719605,-0.0912520289421082,0.0623694807291031,-0.305897235870361,-0.00394781492650509,0.463932186365128,-0.0917570441961288,0.111744560301304,-0.566362082958221,0.119216747581959,-0.465969562530518,-0.49164143204689,-0.186040043830872,-0.358401030302048,0.113600857555866,0.533491551876068,0.0964843109250069,0.262350589036942,-0.110081821680069,-0.153614893555641,-0.122099086642265,0.18002712726593,0.479453802108765,0.445107787847519,-0.0541494935750961,-0.378839582204819,-0.19319874048233,0.0451533757150173,-0.357375502586365,-0.0991452634334564,-0.311617374420166,-0.104171074926853,-0.100551575422287,-0.090921625494957,-0.39430159330368,-0.0330698303878307,-0.127208143472672,0.116905026137829,-0.106034368276596,-0.139627307653427,-0.174145609140396,0.295187652111053,0.301255613565445,0.189107596874237,-0.198778659105301,-0.469636619091034,-0.0198614876717329,-0.231905251741409,-0.482464134693146,0.372867852449417,0.040739007294178,-0.0328459069132805,-0.0446817055344582,-0.0622780434787273,-0.257541298866272,-0.161312416195869,-0.503101706504822,-0.420506000518799,-0.103965081274509,-0.115495637059212,0.0367025695741177,0.0386989153921604,0.0567531250417233,0.0784944668412209,-0.0772731453180313,-0.202193185687065,-0.186744704842567,0.463581889867783,0.506671190261841,-0.411188125610352,-0.380415171384811,-0.314363986253738,-0.320134371519089,0.151005282998085,0.312716037034988,0.296286374330521,0.337187081575394,0.118310876190662,0.161335304379463,0.269142180681229,-0.039733961224556,0.0575496628880501,-0.406222224235535,-0.219138219952583,-0.158619925379753,-0.377884447574615,-0.355016767978668,-0.400440037250519,-0.320841431617737,0.0514423288404942,0.134744316339493,-0.217916384339333,-0.638590693473816,-0.440292507410049,0.0865296572446823,0.0109379189088941,-0.0440443344414234,0.178521543741226,0.0963030904531479,-0.28637632727623,-0.294029474258423,-0.120421573519707,0.0894725993275642,-0.372926473617554,-0.250719159841537,-0.196367591619492,-0.362899899482727,-0.457769691944122,-0.275126874446869,-0.365467965602875,-0.071426622569561,-0.0977177694439888,0.0685174241662025,-0.0679783150553703,0.160880640149117,0.108255356550217,-0.000814291764982045,-0.0279239937663078,-0.047162938863039,0.0872756615281105,-0.697089433670044,-0.154748737812042,0.0786546915769577,-0.0631451234221458,-0.0907105728983879,-0.0328684486448765,-0.0811245292425156,-0.115452818572521,-0.115452818572521,-0.144409835338593,-0.438757300376892,-0.579465270042419,-0.282727539539337,-0.114114351570606,-0.134336739778519,-0.205798342823982,-0.157494857907295,0.411888122558594,-0.140244767069817,-0.283138006925583,0.42080220580101,0.268648833036423,0.0243796315044165,-0.234942421317101,-0.345806390047073,-0.314019650220871,0.0819809809327126,-0.108409158885479,-0.164393112063408,-0.214842185378075,-0.0626973658800125,-0.0614962391555309,0.0411731563508511,-0.264149308204651,-0.340051382780075,-0.366482257843018,-0.2180385440588,-0.291078358888626,0.190882369875908,-0.192528441548347,-0.297703057527542,0.191485166549683,-0.322403639554977,-0.42297238111496,-0.468343943357468,-0.482124269008636,-0.392093122005463,-0.277897089719772,-0.125477448105812,-0.0730111822485924,0.00223638233728707,0.0399063229560852,-0.0351590216159821,-0.00117013533599675,-0.25576114654541,-0.299592107534409,-0.35740727186203,-0.205975189805031,-0.0815801993012428,0.235809594392776,-0.0847273916006088,-0.293225884437561,-0.394584476947784,-0.0146186165511608,0.342107862234116,0.240005224943161,0.0156230796128511,0.102980747818947,-0.0983955040574074,0.0346481539309025,0.0721905678510666,-0.0444676727056503,-0.0483784191310406,-0.221745744347572,0.0266244076192379,-0.289427042007446,0.123699516057968,-0.259688407182693,-0.0234792046248913,-0.149014741182327,-0.0722767189145088,0.0953828096389771,0.113600857555866,0.46862718462944,-0.110081821680069,-0.134638741612434,-0.104014456272125,-0.104014456272125,-0.104014456272125,0.270869672298431,-0.172893613576889,-0.381039917469025,-0.357375502586365,-0.087746687233448,-0.104171074926853,0.0421600788831711,0.0415088981389999,-0.0193089004606009,-0.112215004861355,0.433671683073044,0.228751122951508,0.263147175312042,0.263147175312042,0.113847151398659,0.113847151398659,-0.198778659105301,-0.312476426362991,-0.0198614876717329,-0.0135695291683078,-0.271211683750153,-0.382909893989563,-0.430546224117279,-0.444301664829254,-0.444301664829254,0.017226330935955,0.017226330935955,-0.229300364851952,-0.0622780434787273,-0.0622780434787273,-0.0213062409311533,-0.0213062409311533,-0.0213062409311533,-0.284995973110199,-0.151039272546768,-0.161312416195869,-0.25421741604805,-0.116058357059956,-0.136656314134598,0.0367025695741177,0.021684667095542,0.021684667095542,0.0784944668412209,0.113556087017059,0.113556087017059,-0.202193185687065,-0.183753147721291,-0.140958741307259,-0.14842377603054,0.481324076652527,-0.380415171384811,0.2551209628582,0.506486833095551,0.506486833095551,0.31552529335022,0.168289214372635,0.181310325860977,0.071630135178566,0.161335304379463,0.161335304379463,0.269142180681229,0.269142180681229,0.168418824672699,-0.079489603638649,-0.658147215843201,-0.431671231985092,-0.249983176589012,-0.330502241849899,-0.333031296730042,-0.201148673892021,-0.0393835864961147,-0.258006602525711,-0.25438204407692,-0.309945940971375,-0.333121776580811,-0.333121776580811,-0.292571485042572,0.174664199352264,0.134744316339493,-0.417128622531891,-0.178366109728813,-0.0898222774267197,-0.178366109728813,-0.344908505678177,-0.463825762271881,-0.376234322786331,-0.441755086183548,-0.385409504175186,-0.146500557661057,-0.0533378012478352,0.242181733250618,0.242181733250618,0.242181733250618,0.036237571388483,-0.069075807929039,0.0139720868319273,0.115851640701294,0.113707922399044,0.125332579016685,0.625143647193909,0.200896561145782,0.242150664329529,0.152419194579124,0.152419194579124,0.152419194579124,-0.195073992013931,-0.294029474258423,-0.195073992013931,-0.240169584751129,-0.120421573519707,-0.073636993765831,-0.23098586499691,-0.236466079950333,0.452854216098785,0.452854216098785,-0.132238656282425,0.0894725993275642,0.0895043462514877,-0.400883167982101,-0.289728611707687,-0.307475000619888,-0.362899899482727,-0.457769691944122,-0.365745067596436,0.102171547710896,0.020431000739336,0.00832317676395178,0.0947352200746536,-0.277641803026199,-0.322972744703293,-0.250845670700073,0.0154089322313666,0.0123997703194618,0.0123997703194618,0.0123997703194618,0.0926697626709938,0.115003407001495,0.0587509833276272,-0.000814291764982045,0.0135479653254151,0.0451533757150173,-0.047162938863039,-0.047162938863039,-0.160218343138695,0.0872756615281105,0.042127750813961,-0.697089433670044,-0.533653199672699,-0.446900725364685,-0.0502523668110371,-0.103927731513977,-0.0913494825363159,-0.0774519592523575,-0.0913494825363159,-0.0544424913823605,-0.119121991097927,-0.0811245292425156,-0.0674304068088531,-0.459142953157425,-0.655418515205383,-0.36985570192337,-0.419281363487244,-0.162192553281784,-0.193456560373306,-0.127208143472672,-0.164635926485062,-0.119630709290504,-0.176097795367241,-0.105672724545002,-0.077303908765316,0.0126567855477333,-0.130469739437103,-0.230878904461861,-0.0454555340111256,0.469524949789047,0.0591063313186169,0.189107596874237,-0.0174115598201752,-0.129013285040855,-0.153769731521606,-0.297339141368866,-0.345806390047073,-0.480390101671219,-0.257469475269318,-0.638590693473816,-0.638590693473816,0.111151374876499,-0.108409158885479,-0.195923209190369,-0.166403368115425,-0.257469475269318,-0.257469475269318,-0.0482857264578342,-0.056686345487833,-0.776525616645813,-0.294354230165482,-0.2007777094841,-0.3167504966259,-0.369265288114548,-0.385077357292175,-0.217306673526764,-0.174833670258522,-0.252515584230423,-0.215356767177582,0.369584411382675,0.419264227151871,-0.0488822236657143,0.297768980264664,-0.137240573763847,0.141198039054871,0.114113919436932,0.114113919436932,0.183210700750351,0.191485166549683,-0.322403639554977,-0.275802373886108,-0.275802373886108,-0.525614976882935,-0.525614976882935,-0.403884768486023,-0.415371686220169,-0.196367591619492,-0.125477448105812,-0.131242245435715,-0.0763806775212288,-0.0639866515994072,-0.0730111822485924,-0.0288724899291992,0.0304549913853407,0.0399063229560852,-0.00838449411094189,-0.00838449411094189,-0.299592107534409,-0.35740727186203,-0.339553147554398,-0.103866383433342,0.121038965880871,0.182493939995766,0.0264380220323801,-0.0655646696686745,-0.0485259778797626,-0.118616834282875,-0.175738915801048,-0.164907217025757,0.618484914302826,0.528765320777893,0.245934069156647,0.085004948079586,0.0623694807291031,-0.30790314078331,-0.362565070390701,-0.435442000627518,-0.110894724726677,-0.165155485272408,-0.312842130661011,-0.191643193364143,-0.289199560880661,-0.240565091371536,-0.373526781797409,-0.0864266082644463,0.169910773634911,-0.00499438494443893,0.292234182357788,0.166834905743599,0.316081792116165,0.399514317512512,0.293382883071899,0.366194039583206,0.255617678165436,-0.20295712351799,-0.071426622569561,-0.192392438650131,-0.0512931644916534,-0.0917570441961288,-0.0699420869350433,0.0405524186789989,0.0405524186789989,0.111744560301304,0.0346481539309025,0.111744560301304,0.356741607189178,0.0322341471910477,0.0218479130417109,0.0322341471910477,-0.0279239937663078,0.00688607105985284,0.00688607105985284,-0.0444676727056503,-0.566362082958221,-0.232504904270172,-0.11934619396925,-0.0483784191310406,-0.221745744347572,-0.221745744347572,-0.396145433187485,0.0266244076192379,-0.171785697340965,-0.0598536655306816,-0.377110421657562,-0.271666765213013,-0.372946560382843,-0.259688407182693,-0.0206434838473797,-0.0203409641981125,-0.0234792046248913,0.0294685028493404,0.0560343749821186,-0.851775586605072,-0.465969562530518,-0.411037445068359,-0.190776541829109,-0.246443778276443,-0.148928880691528,-0.348226219415665,-0.348226219415665,-0.186040043830872,-0.0739306956529617,-0.0739306956529617,-0.0739306956529617,-0.186040043830872,-0.293679237365723,-0.0797345340251923,0.499644041061401,0.0865536779165268,0.238499894738197,0.226089730858803,-0.153614893555641,-0.263583362102509,-0.153614893555641,-0.122099086642265,-0.0651090070605278,-0.0651090070605278,0.209185391664505,0.336721181869507,0.566351771354675,-0.431877672672272,-0.431877672672272,-0.378839582204819,0.102171547710896,0.0231629870831966,0.0678230077028275,-0.253462821245193,-0.145056694746017,-0.253462821245193,-0.160218343138695,-0.540847897529602,-0.446900725364685,-0.298004001379013,-0.11925994604826,-0.104171074926853,-0.090921625494957,-0.0913494825363159,-0.0674304068088531,-0.212984681129456,-0.204588502645493,-0.217087209224701,-0.15967270731926,-0.0641623139381409,0.116905026137829,0.19960518181324,0.258280128240585,-0.112215004861355,-0.131371110677719,0.118765078485012,0.469524949789047,0.303680568933487,0.0591063313186169,0.0591063313186169,-0.166403368115425,-0.25468984246254,-0.309376776218414,-0.0198614876717329,-0.0482857264578342,-0.45416134595871,-0.243366166949272,-0.477483332157135,-0.771210730075836,0.272402763366699,0.320544719696045,0.0880042389035225,-0.0104004358872771,-0.0328459069132805,-0.0962114408612251,-0.0338041298091412,0.141198039054871,0.110413037240505,0.110413037240505,0.110413037240505,-0.370492994785309,-0.257541298866272,-0.118400551378727,-0.0512602739036083,-0.131932005286217,-0.131932005286217,-0.304842799901962,-0.407842993736267,-0.415371686220169,-0.420506000518799,-0.402381479740143,-0.402381479740143,-0.103965081274509,-0.214593008160591,-0.115961663424969,-0.115961663424969,0.0452411361038685,0.107142932713032,0.0333293564617634,-0.0416128449141979,-0.168982103466988,-0.127149239182472,-0.103379391133785,-0.121820822358131,0.472412943840027,0.31990173459053,-0.402427613735199,-0.285064160823822,-0.277921736240387,-0.250012576580048,-0.326022088527679,-0.340106427669525,-0.325366675853729,-0.300247102975845,-0.282219588756561,-0.282330602407455,-0.281748652458191,0.183785036206245,0.0925389379262924,0.39865630865097,0.4854516685009,0.312716037034988,0.196988880634308,-0.192392438650131,-0.0512931644916534,0.200854822993279,0.200854822993279,0.239705994725227,-0.0200376845896244,-0.0200376845896244,0.0575496628880501,0.0401076301932335,-0.570520281791687,-0.570520281791687,-0.43562039732933,-0.287126392126083,-0.180451095104218,0.356557548046112,-0.033169724047184,0.00904816575348377,-0.158619925379753,-0.0385613143444061,-0.496838063001633,-0.527972280979156,-0.477323651313782,-0.51321268081665,-0.316950649023056,-0.275807797908783,-0.558114767074585,-0.54071581363678,-0.415476381778717,-0.292470514774323,0.067818894982338,0.115522190928459,0.0985096842050552,0.224393352866173,-0.491569876670837,-0.444107741117477,-0.509781122207642,-0.374607712030411,-0.464056313037872,-0.00204961816780269,0.104662574827671,0.0432045832276344,-0.0849152207374573,0.0183138512074947,-0.320820599794388,-0.136670902371407,-0.0723861157894135,-0.147253781557083,-0.254288166761398,-0.0202471595257521,0.465892106294632,0.384796261787415,0.242150664329529,0.178521543741226,0.178521543741226,0.0880042389035225,0.0963030904531479,-0.309576690196991,-0.240169584751129,-0.229300364851952,-0.160676911473274,0.0599452182650566,0.0599452182650566,-0.36732217669487,-0.445959120988846,-0.455745875835419,-0.455745875835419,-0.203983396291733,-0.154472187161446,-0.243072837591171,-0.307475000619888,-0.243970885872841,-0.438742369413376,-0.438742369413376,-0.311072707176208,-0.297975212335587,-0.273525923490524,-0.149350866675377,0.0772060826420784,-0.168982103466988,-0.217790603637695,0.428513824939728,-0.365467965602875,-0.321778237819672,-0.0248209107667208,0.030844159424305,-0.20295712351799,-0.186035394668579,-0.0977177694439888,-0.169686496257782,-0.150955036282539,-0.0679783150553703,0.0620115175843239,0.209431767463684,0.179729923605919,0.179729923605919,0.179729923605919,0.0587509833276272,0.0482363924384117,0.168418824672699,0.0482363924384117,0.0135479653254151,-0.079489603638649,-0.0279239937663078,0.00240649515762925,-0.0991452634334564,0.0575496628880501,-0.469740003347397,-0.17850224673748,-0.235721006989479,-0.0502523668110371,0.0786546915769577,-0.0960832759737968,-0.0960832759737968,-0.0651864632964134,-0.0907105728983879,-0.0774519592523575,-0.0328684486448765,-0.0544424913823605,-0.0544424913823605,-0.115452818572521,-0.115452818572521,-0.438757300376892,-0.538177847862244,-0.652256667613983,-0.530566513538361,-0.652256667613983,-0.272587597370148,-0.236378684639931,-0.0998789966106415,-0.0794949233531952,-0.154599070549011,-0.134336739778519,-0.139762833714485,0.433437049388885,0.411888122558594,-0.139627307653427,-0.140244767069817,-0.140244767069817,-0.118368119001389,-0.245105177164078,-0.175457090139389,-0.229056030511856,-0.0197631884366274,0.0936345309019089,0.122350133955479,0.42080220580101,-0.310782164335251,-0.230878904461861,0.133777946233749,0.189107596874237,0.0243796315044165,0.0243796315044165,-0.0416128449141979,-0.129013285040855,-0.234942421317101,-0.297339141368866,-0.207220464944839,-0.243097633123398,-0.243097633123398,-0.719350934028625,-0.312476426362991,0.0819809809327126,-0.104744344949722,-0.214842185378075,-0.338567197322845,-0.338567197322845,-0.70871102809906,-0.645180344581604,-0.550656974315643,-0.230313390493393,-0.10203093290329,-0.0821130499243736,-0.0630894601345062,-0.0916821360588074,-0.0447679050266743,-0.0130154937505722,0.0113828368484974,0.116165481507778,0.116165481507778,0.216691493988037,0.0938981771469116,-0.154313489794731,-0.263706356287003,-0.333899199962616,-0.254271805286407,-0.316215217113495,-0.275902539491653,-0.264149308204651,-0.272616416215897,-0.272616416215897,-0.187035590410233,-0.132946044206619,-0.203983396291733,-0.250719159841537,-0.252114534378052,-0.289728611707687,-0.252515584230423,-0.305191278457642,-0.0242829341441393,-0.225256010890007,-0.102875389158726,-0.225256010890007,-0.283851325511932,0.146768301725388,-0.0727380365133286,0.0895043462514877,-0.200175672769547,-0.248754888772964,-0.502344906330109,-0.354175806045532,-0.344672173261642,-0.446062862873077,-0.445712715387344,-0.460297405719757,-0.447245180606842,-0.42297238111496,-0.392093122005463,-0.277897089719772,-0.154472187161446,-0.113400913774967,-0.11144046485424,-0.0992186591029167,-0.105283588171005,-0.11144046485424,0.0627056136727333,0.0669617652893066,0.130394339561462,0.130394339561462,-0.143492251634598,-0.0194406434893608,-0.00674096448346972,0.0271169487386942,0.0138862123712897,-0.00117013533599675,-0.157256156206131,-0.346913009881973,-0.299592107534409,-0.339553147554398,0.264598965644836,0.0982534512877464,-0.0215630549937487,0.0504782386124134,0.0979803428053856,-0.222513824701309,-0.114655315876007,-0.110598541796207,-0.0399260595440865,0.293576121330261,0.0108975106850266,-0.156896382570267,-0.380922496318817,-0.409485369920731,-0.38035786151886,-0.35504224896431,-0.401722222566605,-0.285064160823822,-0.208267211914062,-0.318113446235657,-0.351966708898544,0.0155961643904448,0.0555504038929939,0.132345378398895,0.132345378398895,0.472869157791138,0.390346586704254,-0.0342765264213085,0.0514423288404942,0.262350589036942,0.226089730858803,0.170900940895081,0.305184215307236,0.170900940895081,0.0912235230207443,0.145132347941399,0.169959247112274,0.121192194521427,0.0154610443860292,-0.0101371770724654,0.129605561494827,-0.0983955040574074,0.0346481539309025,0.262253880500793,0.533491551876068,0.356741607189178,-0.0289718098938465,0.0562812052667141,0.0218479130417109,0.0562812052667141,0.0855442360043526,-0.0309969838708639,-0.00412613060325384,0.00455799186602235,0.00455799186602235,-0.0444676727056503,-0.0444676727056503,-0.166537076234818,-0.11934619396925,0.0118986032903194,0.0575467571616173,-0.125615850090981,-0.125615850090981,-0.219138219952583,-0.379022777080536,-0.469740003347397,0.123699516057968,-0.0841754451394081,-0.134817615151405,-0.0816847234964371,-0.259688407182693,-0.370004743337631,-0.0203409641981125,-0.0335216484963894,-0.605727910995483,-0.732375800609589,-0.369601219892502,-0.373317122459412,-0.369753450155258,-0.4235680103302,-0.156700894236565,-0.117744736373425,-0.0675781518220901,-0.0891458839178085,-0.166196703910828,-0.202749341726303,-0.131178468465805,-0.0393470488488674
